-1.294922	-0.185547	3.541992	-0.400630	-0.253242	-0.191059
-1.270020	-0.178223	3.525391	-0.390899	-0.257040	-0.291454
-1.235352	-0.176270	3.517090	-0.341533	-0.253479	-0.375710
-1.183105	-0.181152	3.513184	-0.333226	-0.181091	-0.447624
-1.130371	-0.192871	3.537598	-0.346042	-0.081170	-0.488684
-1.090820	-0.196289	3.563477	-0.361469	0.051740	-0.515028
-1.054688	-0.197266	3.583496	-0.329903	0.204825	-0.545645
-1.032227	-0.203613	3.651367	-0.371912	0.305932	-0.551579
-1.006836	-0.211914	3.666992	-0.424839	0.328004	-0.534728
-1.014160	-0.194336	3.655273	-0.481089	0.277688	-0.510756
-1.023926	-0.208984	3.644043	-0.462814	0.233543	-0.481563
-1.028320	-0.219238	3.622559	-0.468035	0.204113	-0.473969
-1.014648	-0.237305	3.612305	-0.467560	0.157119	-0.470646
-0.975098	-0.262207	3.589355	-0.457355	0.087104	-0.435282
-0.972656	-0.258301	3.563965	-0.437181	0.012342	-0.401105
-0.950684	-0.250488	3.526855	-0.429586	-0.037025	-0.367403
-0.940918	-0.233887	3.481934	-0.398257	-0.060522	-0.308780
-0.935547	-0.233398	3.453613	-0.333700	-0.053164	-0.249919
-0.925781	-0.219727	3.405273	-0.326818	-0.041060	-0.181565
-0.933594	-0.216309	3.324219	-0.243748	-0.015190	-0.110363
-0.955078	-0.228027	3.270020	-0.120806	0.024683	-0.056962
-0.936035	-0.250000	3.250488	0.025633	0.100632	-0.012104
-0.957031	-0.249023	3.228027	0.148100	0.147151	0.039636
-0.982910	-0.247559	3.220215	0.244460	0.214081	0.095885
-0.995605	-0.247070	3.260742	0.399681	0.285995	0.135759
-1.007324	-0.238281	3.269043	0.493430	0.385203	0.168274
-1.060059	-0.248047	3.297363	0.552291	0.387814	0.207435
-1.083008	-0.189453	3.329590	0.610677	0.406327	0.254191
-1.085938	-0.141113	3.332031	0.670249	0.414159	0.301422
-1.111328	-0.113770	3.330078	0.707274	0.445962	0.351264
-1.129883	-0.091797	3.339844	0.742638	0.449522	0.407039
-1.142090	-0.091309	3.338867	0.799125	0.449760	0.449997
-1.134766	-0.085449	3.327148	0.831878	0.461390	0.483937
-1.107422	-0.071777	3.333008	0.863207	0.532829	0.529269
-1.070312	-0.030762	3.302734	0.915184	0.645803	0.599047
-1.074219	0.012207	3.293457	0.993269	0.755454	0.714869
-1.052734	0.040527	3.257324	1.090341	0.862495	0.845643
-1.100098	0.076660	3.246094	1.187888	0.927051	0.991133
-1.139160	0.105957	3.244141	1.342634	0.920643	1.093901
-1.098633	0.170898	3.151367	1.514231	0.900944	1.211147
-0.998047	0.212402	3.085938	1.725227	0.893111	1.381795
-0.861816	0.288086	2.994141	1.977757	0.922067	1.650464
-0.760742	0.407715	2.905273	2.325697	0.941292	2.067946
-0.791504	0.525391	2.806152	2.810821	1.030057	2.582025
-0.875977	0.646973	2.729492	3.244442	1.093901	3.128857
-1.038574	0.707520	2.756836	3.776084	0.903080	3.620863
-1.232422	0.695312	2.857422	4.495225	0.423652	4.012712
-1.355469	0.769531	3.007812	5.175680	-0.039873	4.269040
-1.440918	0.925781	3.259277	5.614996	-0.180616	4.450842
-1.637207	1.027344	3.563965	5.837384	-0.031092	4.629797
-1.965820	0.992188	3.892090	5.812464	0.240900	4.683673
-2.227051	0.996582	3.999878	5.535013	0.696119	4.579956
-2.400391	0.963379	3.999878	5.238100	0.759489	4.561443
-2.923828	1.002930	3.999878	4.971567	0.908301	4.239135
-3.409180	1.068359	3.999878	4.560019	1.010595	3.479409
-3.834961	1.062988	3.999878	4.146572	1.173410	2.511535
-4.000000	1.009766	3.999878	3.527114	1.096275	1.358536
-4.000000	0.951172	3.999878	2.789223	0.998965	0.056012
-4.000000	0.952148	3.999878	2.072455	0.971908	-1.295641
-4.000000	1.003906	3.999878	1.502127	0.860121	-2.592705
-3.854980	1.107910	3.999878	1.158933	0.703951	-3.720784
-3.429199	1.257324	3.999878	0.867241	0.483937	-4.559544
-3.037109	1.421387	3.999878	0.582433	0.156407	-5.107326
-2.735840	1.512207	3.999878	0.392561	-0.239714	-5.429159
-2.531250	1.496582	3.999878	0.205537	-0.620170	-5.662465
-2.427734	1.469727	3.999878	0.085205	-0.977842	-5.872985
-2.441895	1.487793	3.999878	-0.109414	-1.226575	-6.055026
-2.588379	1.456543	3.999878	-0.398732	-1.499991	-6.298299
-2.791016	1.348633	3.999878	-0.858460	-1.853390	-6.749483
-2.821289	1.257324	3.999878	-1.443741	-2.165493	-7.391014
-2.791504	1.248047	3.999878	-2.099275	-2.284163	-7.777166
-2.884277	1.277832	3.999878	-2.723717	-2.284638	-7.777166
-3.032715	1.269531	3.999878	-3.331071	-2.450301	-7.777166
-3.125977	1.360352	3.999878	-3.872919	-2.665331	-7.777166
-3.079102	1.454590	3.999878	-4.368722	-2.970788	-7.777166
-2.833008	1.602051	3.999878	-4.799021	-3.258919	-7.777166
-2.399414	1.799316	3.738281	-5.185173	-3.358602	-7.777166
-1.850586	1.948730	3.384277	-5.405900	-3.170866	-7.777166
-1.274902	2.003906	3.080566	-5.492291	-2.748638	-7.777166
-0.725586	2.043457	2.758789	-5.446010	-2.210113	-7.777166
-0.286621	2.014648	2.513184	-5.258749	-1.481241	-7.777166
0.059570	1.893066	2.320801	-4.860492	-0.916134	-7.777166
0.464355	1.715820	2.181152	-4.305828	-0.516927	-7.777166
0.755371	1.509277	2.215332	-3.653142	-0.360520	-7.777166
0.970215	1.211426	2.357422	-2.999269	-0.681879	-7.777166
1.136230	0.941406	2.405273	-2.439858	-1.266685	-7.777166
1.391113	0.745117	2.423340	-2.005525	-1.775305	-7.777166
1.604492	0.584473	2.468262	-1.697458	-2.020715	-7.777166
1.806641	0.440918	2.519043	-1.448488	-2.070557	-7.777166
1.967773	0.318848	2.553223	-1.314391	-1.935747	-6.971871
2.131348	0.184570	2.564453	-1.223964	-1.676809	-5.968634
2.242188	0.041504	2.525879	-1.128553	-1.330055	-4.918165
2.302246	-0.108398	2.581543	-1.002288	-0.999440	-3.824976
2.279297	-0.250488	2.617676	-0.843507	-0.814789	-2.710663
2.131836	-0.359863	2.668457	-0.678081	-0.724600	-1.625781
1.816406	-0.499512	2.726074	-0.494142	-0.657907	-0.707511
1.467285	-0.633789	2.794922	-0.360757	-0.713682	-0.031804
1.176270	-0.740234	2.820801	-0.235204	-0.772780	0.442877
0.967773	-0.829102	2.833008	-0.149762	-0.786308	0.775153
0.780273	-0.917969	2.817383	-0.079272	-0.707986	1.003237
0.647949	-0.971680	2.811035	0.006171	-0.562259	1.160831
0.539062	-1.012695	2.845703	0.075712	-0.342245	1.279501
0.473145	-1.062500	2.950684	0.116297	-0.103718	1.385593
0.372559	-1.081543	3.032715	0.131012	0.072626	1.497617
0.260742	-1.096191	3.119141	0.110601	0.176819	1.601572
0.140137	-1.112793	3.208496	0.073813	0.220489	1.675860
0.000488	-1.148438	3.281250	-0.008782	0.182515	1.726888
-0.103027	-1.199219	3.290039	-0.109177	0.127452	1.721192
-0.207031	-1.276855	3.255371	-0.166613	0.138369	1.652838
-0.304199	-1.330078	3.244141	-0.197704	0.185363	1.512570
-0.354980	-1.372070	3.240723	-0.206011	0.229983	1.336226
-0.370117	-1.379883	3.228516	-0.205062	0.264872	1.161543
-0.362305	-1.373535	3.221680	-0.185363	0.296438	1.016054
-0.341309	-1.394531	3.243652	-0.140031	0.325868	0.913760
-0.320801	-1.383301	3.237793	-0.085205	0.318985	0.855612
-0.286621	-1.406738	3.225098	0.013528	0.318748	0.835200
-0.281250	-1.413086	3.276855	0.082594	0.297625	0.817163
-0.270996	-1.379883	3.367676	0.131487	0.289792	0.841609
-0.312988	-1.407227	3.387207	0.131012	0.235916	0.877684
-0.385742	-1.396973	3.419434	0.118907	0.135047	0.894773
-0.451172	-1.427734	3.389160	0.132436	0.041772	0.872226
-0.491699	-1.432617	3.367188	0.168986	0.016851	0.789394
-0.473145	-1.458496	3.375977	0.202689	0.036313	0.699916
-0.456543	-1.428223	3.419922	0.209097	0.052452	0.635360
-0.443359	-1.391113	3.444336	0.223100	0.050553	0.603319
-0.455078	-1.377441	3.463379	0.228796	0.038449	0.593351
-0.461426	-1.368164	3.455078	0.256565	0.036550	0.575313
-0.506836	-1.375977	3.469727	0.283384	0.038924	0.542323
-0.538086	-1.372070	3.497070	0.367165	0.040111	0.483700
-0.568848	-1.349121	3.529297	0.348890	-0.006883	0.422940
-0.585449	-1.351562	3.541016	0.342957	-0.031329	0.345093
-0.595215	-1.354004	3.556152	0.312815	-0.009256	0.268432
-0.589355	-1.323242	3.563477	0.259176	0.012816	0.178480
-0.534668	-1.310059	3.599609	0.212657	0.054588	0.110363
-0.503418	-1.275879	3.608887	0.154034	0.093037	0.071677
-0.516113	-1.276367	3.602539	0.120806	0.095411	0.068117
-0.504883	-1.280273	3.572266	0.097784	0.058860	0.061708
-0.512207	-1.268066	3.553711	0.099446	0.033702	0.050553
-0.474609	-1.262695	3.556152	0.160205	0.022310	0.035838
-0.462891	-1.232422	3.568848	0.140268	0.042484	0.037025
-0.464355	-1.230469	3.539062	0.120094	0.089003	0.048655
-0.440918	-1.238770	3.542969	0.094461	0.137657	0.068117
-0.448730	-1.248047	3.539062	0.070015	0.167088	0.081408
-0.450684	-1.234375	3.544922	0.039398	0.184413	0.104430
-0.439941	-1.227051	3.561035	0.028718	0.193670	0.141692
-0.461914	-1.231445	3.555664	0.031329	0.188923	0.188923
-0.526367	-1.241699	3.541016	0.038449	0.155221	0.217641
-0.565918	-1.246582	3.555176	0.066693	0.064557	0.201027
-0.571777	-1.263184	3.568359	0.093512	-0.023497	0.169224
-0.553223	-1.260742	3.596191	0.105142	-0.083544	0.122230
output[0] = 0
output[1] = 0
output[2] = 100
output[3] = 0
output[4] = 0
output[5] = 0
Action Type: 2