-2.869629	1.344238	2.818848	-0.409412	-0.411785	7.776929
-3.082520	1.418945	2.666992	-0.470646	-0.415583	7.776929
-3.180176	1.477539	2.455566	-0.448573	-0.372624	7.776929
-3.142090	1.556152	2.326660	-0.360045	-0.247546	7.741091
-2.872070	1.655762	2.229492	-0.226897	-0.080933	7.349005
-2.565430	1.654785	2.118652	-0.075712	0.105142	7.086981
-2.338379	1.678223	2.041016	0.123180	0.453083	6.952646
-2.187012	1.832031	2.077148	0.271280	0.735518	6.908501
-2.181152	1.952148	2.025879	0.394934	0.901893	6.941966
-2.437012	1.920898	1.966797	0.553478	1.053791	6.927251
-2.735840	1.821289	1.903809	0.805296	0.890738	6.758027
-3.037109	1.712891	1.859375	1.150388	0.448810	6.383504
-3.281738	1.628906	1.848145	1.541762	-0.068829	5.835723
-3.370117	1.603516	1.831543	1.887805	-0.315425	5.177578
-3.437988	1.663574	1.905273	2.069845	-0.433621	4.532013
-3.470215	1.723633	1.849609	2.104971	-0.473019	3.987079
-3.517090	1.685547	1.707520	2.192075	-0.445962	3.338191
-3.667969	1.532715	1.548828	2.394526	-0.321359	2.582974
-3.862793	1.424316	1.489746	2.704730	-0.366691	1.663518
-3.965332	1.449219	1.502441	3.074031	-0.689948	0.627528
-3.888672	1.458008	1.541504	3.421498	-0.962890	-0.342719
-3.828125	1.487305	1.605469	3.744043	-1.146591	-1.331954
-3.860840	1.484375	1.733887	3.998946	-1.215420	-2.188277
-3.945801	1.465820	1.955566	4.220622	-1.295878	-3.202907
-4.000000	1.427734	2.139160	4.329324	-1.457032	-4.232964
-4.000000	1.462891	2.241699	4.267616	-1.731397	-5.328052
-3.933105	1.582520	2.310547	4.128534	-2.106395	-6.521162
-3.724609	1.757812	2.298828	3.975450	-2.385032	-7.438957
-3.559082	1.834473	2.207520	3.869596	-2.559003	-7.777166
-3.596680	1.851074	2.080078	3.889295	-2.513196	-7.777166
-3.904297	1.856445	2.118652	3.893330	-2.411377	-7.777166
-4.000000	1.844727	2.212891	3.847998	-2.652278	-7.777166
-4.000000	1.877441	2.268555	3.930830	-3.158525	-7.777166
-4.000000	2.139648	2.391113	3.998235	-3.995149	-7.777166
-4.000000	2.461426	2.405762	4.014374	-4.867612	-7.777166
-4.000000	2.774902	2.411133	3.904722	-5.703999	-7.777166
-3.991211	3.053223	2.424805	3.651006	-6.209534	-7.777166
-3.826660	3.271973	2.425293	3.337716	-6.638883	-7.777166
-3.509766	3.533203	2.211426	2.867783	-6.801698	-7.777166
-3.041504	3.854004	1.911621	2.549747	-6.322033	-7.777166
-2.395508	3.999878	1.729492	2.262802	-5.152895	-7.777166
-1.772461	3.999878	1.572754	2.258768	-3.889295	-7.777166
-1.178223	3.999878	1.553711	2.421345	-2.668891	-7.777166
-0.738770	3.850098	1.705566	2.933763	-1.608930	-7.777166
-0.334961	3.469238	1.991699	3.555832	-1.143980	-7.777166
0.046875	3.129395	2.320801	4.137791	-1.062098	-7.777166
0.483887	2.770996	2.752930	4.497836	-1.306796	-7.777166
0.854980	2.378418	3.270508	4.671094	-2.029497	-7.777166
1.125488	2.036133	3.631348	4.547915	-2.836216	-7.777166
1.429688	1.682617	3.870605	4.308438	-3.473475	-7.777166
1.785645	1.315918	3.999878	3.769676	-3.881226	-7.777166
2.105957	1.035645	3.999878	3.227828	-3.975687	-7.777166
2.359375	0.797852	3.952637	2.617863	-3.850371	-6.458504
2.438477	0.580078	3.854492	2.115414	-3.604962	-4.956852
2.358887	0.373535	3.688965	1.690812	-3.170866	-3.308761
2.086426	0.200684	3.520996	1.440418	-2.717546	-1.802837
1.777344	0.095703	3.471680	1.373726	-2.369843	-0.632512
1.373535	-0.084473	3.444336	1.386305	-2.022851	0.430298
0.940430	-0.266113	3.492188	1.363520	-1.712885	1.247935
0.513184	-0.398438	3.581055	1.232033	-1.495956	1.813517
0.126953	-0.458496	3.601074	1.083221	-1.394611	2.189464
-0.174316	-0.538086	3.594238	0.980215	-1.298251	2.387881
-0.410645	-0.613770	3.598145	0.857748	-1.208774	2.430839
-0.590820	-0.705566	3.556641	0.722701	-1.035753	2.391678
-0.729492	-0.777344	3.532715	0.602370	-0.786783	2.282264
-0.830566	-0.852051	3.585938	0.475155	-0.560835	2.137961
-0.935059	-0.880859	3.619141	0.320884	-0.372624	1.969924
-1.039551	-0.924805	3.675293	0.142167	-0.210758	1.804261
-1.193848	-0.956055	3.681641	-0.071202	-0.084968	1.577601
-1.290527	-1.018555	3.672363	-0.241850	0.012342	1.282350
-1.307617	-1.055664	3.622070	-0.393748	0.077373	0.966212
-1.269531	-1.066895	3.571289	-0.515740	0.169698	0.664078
-1.161621	-1.031738	3.523926	-0.609015	0.252767	0.439317
-1.062988	-0.970703	3.492188	-0.660043	0.268195	0.362656
-1.006348	-0.964844	3.450195	-0.670249	0.231644	0.364080
-0.988281	-1.000977	3.415039	-0.633224	0.182752	0.370014
-0.958984	-1.014648	3.356934	-0.582908	0.172309	0.386865
-0.924316	-1.035156	3.339844	-0.515978	0.198416	0.412497
-0.964355	-1.047363	3.320801	-0.461152	0.215980	0.441453
-1.001465	-1.054199	3.313965	-0.367165	0.157119	0.454269
-0.984863	-1.009277	3.423828	-0.271755	-0.088053	0.474206
-0.954102	-1.038574	3.297363	-0.203163	-0.110363	0.552766
-1.000977	-1.055664	3.310547	-0.166850	-0.129113	0.590977
-1.104492	-1.081055	3.279297	-0.107990	-0.152847	0.606879
-1.231445	-1.107422	3.267578	-0.062420	-0.174920	0.554902
-1.285156	-1.113281	3.271973	0.029668	-0.203401	0.422940
-1.290039	-1.135742	3.325684	0.082832	-0.202689	0.251106
-1.246094	-1.121094	3.393066	0.091139	-0.176581	0.095648
-1.177734	-1.083496	3.437500	0.051740	-0.144540	0.007120
-1.141602	-1.021973	3.482422	-0.005221	-0.104667	-0.021598
-1.092773	-1.018555	3.449707	-0.052927	-0.050316	-0.037737
-1.054199	-1.025391	3.457520	-0.081408	-0.003797	-0.038924
-1.007324	-0.995117	3.464844	-0.120806	0.035838	-0.025870
-1.004395	-0.972168	3.445801	-0.155458	0.054114	0.011630
-0.998535	-0.947266	3.434570	-0.195568	0.093275	0.060047
-1.072754	-0.963867	3.404297	-0.259413	0.147388	0.065743
-1.157227	-0.982910	3.384277	-0.290505	0.165901	0.054114
-1.203613	-1.007324	3.341797	-0.295489	0.156882	-0.070965
-1.232422	-1.000000	3.372070	-0.274603	0.146439	-0.183939
-1.244141	-0.994629	3.380859	-0.268432	0.118195	-0.295251
-1.231934	-0.997559	3.396484	-0.252767	0.089003	-0.408225
-1.181641	-1.001953	3.411621	-0.249445	0.060522	-0.485361
-1.124512	-0.996582	3.433594	-0.257752	0.003560	-0.521199
-1.065430	-0.973145	3.464355	-0.256090	-0.042009	-0.513842
-1.040039	-0.957031	3.502441	-0.289555	-0.078085	-0.471120
-1.000488	-0.992676	3.489258	-0.337735	-0.084493	-0.414159
-1.012695	-1.018555	3.468750	-0.396121	-0.065506	-0.372150
-0.987305	-1.012207	3.395996	-0.449285	-0.036313	-0.343669
-0.976562	-1.020996	3.335449	-0.488921	0.031329	-0.310441
-0.967773	-1.034668	3.290039	-0.480139	0.105142	-0.272941
-0.934570	-1.053711	3.242188	-0.444301	0.148812	-0.248258
-0.926758	-1.046875	3.264160	-0.398732	0.162815	-0.214793
-0.903320	-1.029297	3.307129	-0.354824	0.121756	-0.156645
-0.868164	-1.025879	3.296387	-0.316375	0.076186	-0.096360
-0.872070	-1.047363	3.276855	-0.283147	0.012104	-0.026819
-0.873047	-1.033691	3.250000	-0.245885	-0.008070	0.032516
-0.876465	-1.040039	3.241699	-0.213369	-0.003323	0.078322
-0.893555	-1.045898	3.268066	-0.202451	0.024921	0.129825
-0.929199	-1.047852	3.301758	-0.208859	0.038449	0.174920
-1.016113	-1.051758	3.328125	-0.235916	0.017089	0.177768
-1.099121	-1.082031	3.309570	-0.261549	-0.013054	0.109651
-1.129395	-1.108398	3.283691	-0.263922	-0.007832	-0.000237
-1.069336	-1.128418	3.250488	-0.271043	0.049129	-0.104430
-0.981934	-1.108887	3.275879	-0.295251	0.117721	-0.161866
-0.907227	-1.057129	3.297363	-0.328716	0.196043	-0.144778
-0.863770	-1.045410	3.306641	-0.365267	0.274840	-0.085680
-0.854492	-1.068848	3.297363	-0.377608	0.309966	-0.004984
-0.892578	-1.077637	3.232910	-0.351738	0.301185	0.054826
-0.915527	-1.083984	3.223145	-0.320647	0.267720	0.090901
-0.940918	-1.093750	3.232910	-0.276739	0.197467	0.116059
-0.939453	-1.084961	3.209473	-0.246122	0.094699	0.148812
-0.951660	-1.085449	3.231445	-0.195568	-0.005696	0.173021
-0.932617	-1.079590	3.198242	-0.139793	-0.063845	0.200553
-0.959473	-1.071289	3.195801	-0.080933	-0.077610	0.207673
-1.006348	-1.092773	3.186523	-0.045569	-0.054588	0.199603
-1.046387	-1.071777	3.175293	-0.023971	-0.023022	0.153084
-1.069336	-1.082031	3.199219	-0.007832	0.013054	0.092325
-1.041016	-1.098145	3.219727	0.005696	0.048655	0.036076
-1.025391	-1.097168	3.263184	-0.007358	0.070015	-0.002848
-0.982910	-1.083496	3.276855	-0.036550	0.079746	-0.022785
-0.934082	-1.069336	3.274414	-0.101344	0.075237	-0.003560
-0.899414	-1.059570	3.273438	-0.124604	0.061234	0.040585
-0.896973	-1.031250	3.270020	-0.136945	0.046756	0.106091
-0.960449	-1.041992	3.209473	-0.135521	0.032041	0.154746
-1.010742	-1.062500	3.208496	-0.090427	0.024921	0.153559
-1.040039	-1.076172	3.217285	-0.083544	0.007358	0.131249
-1.035645	-1.061523	3.241211	-0.082120	-0.014003	0.086867
-1.018066	-1.055176	3.232910	-0.089477	-0.033940	0.068591
-0.986816	-1.039062	3.254395	-0.114873	-0.029193	0.073338
-0.970215	-1.056152	3.244141	-0.108465	-0.014715	0.087104
output[0] = 0
output[1] = 0
output[2] = 0
output[3] = 0
output[4] = 0
output[5] = 0
output[6] = 0
output[7] = 0
output[8] = 0
output[9] = 0
output[10] = 0
output[11] = 0
output[12] = 0
Action Type: 2