-1.675293	0.187500	2.202148	0.640581	0.191771	0.524522
-1.641602	0.202637	2.240234	0.642005	0.204587	0.626341
-1.615234	0.224121	2.208008	0.650787	0.249207	0.736467
-1.582031	0.261230	2.178223	0.668350	0.333226	0.855612
-1.509277	0.319824	2.187012	0.689711	0.411548	1.003237
-1.460938	0.384766	2.210449	0.782748	0.401817	1.207825
-1.399902	0.464844	2.210449	0.804584	0.379744	1.473408
-1.324707	0.540527	2.197754	0.838286	0.278400	1.824909
-1.274414	0.605957	2.157227	0.862732	0.205774	2.212011
-1.276367	0.627930	2.141602	0.886466	0.155458	2.638037
-1.280762	0.716797	2.116699	0.917320	0.137895	3.077117
-1.318359	0.836426	2.146973	0.969772	0.097072	3.519756
-1.398438	0.920410	2.213379	1.044297	0.034652	3.998946
-1.564941	0.909668	2.278809	1.082272	-0.103243	4.413817
-1.745605	0.858887	2.365234	1.102446	-0.312102	4.661126
-1.895508	0.882324	2.439941	1.079898	-0.552528	4.798308
-2.020996	0.916504	2.433594	1.027446	-0.713445	4.840080
-2.112305	0.952148	2.363281	0.954108	-0.794378	4.793087
-2.136230	0.984863	2.254883	0.903080	-0.799362	4.694354
-2.159180	0.992188	2.141113	0.913760	-0.651974	4.578294
-2.162598	1.056152	2.064453	0.980215	-0.516215	4.500921
-2.127441	1.121094	1.991211	1.093664	-0.449997	4.451317
-2.098633	1.188965	1.938965	1.263837	-0.399681	4.413105
-2.038574	1.298828	1.880371	1.455845	-0.412260	4.433991
-1.986816	1.400879	1.903320	1.621509	-0.426263	4.489529
-1.964355	1.437012	1.858398	1.745875	-0.349840	4.556933
-1.981934	1.462402	1.833496	1.899197	-0.293827	4.597993
-1.985352	1.532715	1.775391	1.995557	-0.219540	4.618404
-1.993652	1.684082	1.777832	2.178072	-0.092563	4.714290
-2.143066	1.741211	1.654297	2.413513	0.117958	4.902976
-2.530273	1.593262	1.728027	2.680996	0.290505	5.030664
-3.122070	1.398438	1.904785	2.857814	0.058386	4.873545
-3.682617	1.256836	1.997070	2.973874	-0.492481	4.361365
-4.000000	1.114258	1.913086	3.154015	-1.034804	3.510975
-4.000000	1.068359	1.894531	3.344362	-1.399833	2.486614
-4.000000	1.069336	1.970215	3.562003	-1.654262	1.318663
-4.000000	1.029785	2.113770	3.635578	-1.865257	-0.010206
-4.000000	1.006348	2.229004	3.564139	-1.989624	-1.154186
-4.000000	1.027832	2.277832	3.446656	-2.120873	-2.254495
-4.000000	1.071289	2.293945	3.360976	-2.255207	-3.144284
-3.982910	1.175781	2.322754	3.332020	-2.458133	-4.081066
-3.818848	1.289551	2.277832	3.377352	-2.623559	-4.835096
-3.684570	1.410645	2.213867	3.405121	-2.678148	-5.539048
-3.578613	1.514160	2.250488	3.458997	-2.685980	-6.228996
-3.575684	1.518066	2.285156	3.471339	-2.748163	-6.810005
-3.565430	1.470703	2.342773	3.499583	-2.942070	-7.512769
-3.599121	1.464844	2.368652	3.556069	-3.198398	-7.777166
-3.576172	1.502930	2.462402	3.633680	-3.458048	-7.777166
-3.518555	1.574219	2.651855	3.632018	-3.778220	-7.777166
-3.419434	1.674316	2.845703	3.486291	-4.016510	-7.777166
-3.249023	1.770508	2.979492	3.158287	-4.333359	-7.777166
-2.994141	1.895508	2.977539	2.735347	-4.554085	-7.777166
-2.592773	2.111816	2.889160	2.260666	-4.548864	-7.777166
-2.144531	2.206543	2.654785	1.962092	-4.153455	-7.777166
-1.785156	2.160156	2.552246	1.812805	-3.632968	-7.777166
-1.450195	2.030273	2.480469	1.743502	-3.159236	-7.777166
-1.174316	1.940918	2.479980	1.751334	-2.755283	-7.777166
-0.937012	1.843262	2.522461	1.809008	-2.353703	-7.777166
-0.809082	1.715332	2.668945	1.888279	-2.103784	-7.777166
-0.683105	1.525391	2.894531	1.955684	-1.990810	-7.777166
-0.556641	1.335938	3.074707	1.916997	-1.945953	-7.777166
-0.412598	1.201172	3.164062	1.763201	-1.884719	-7.777166
-0.259766	1.081055	3.235840	1.604895	-1.850305	-7.777166
-0.055664	0.985352	3.269531	1.459405	-1.824435	-7.777166
0.197266	0.881348	3.254883	1.329580	-1.750622	-7.356362
0.424805	0.833984	3.280762	1.176970	-1.603946	-6.411748
0.523926	0.657715	3.255371	1.029345	-1.429263	-5.373147
0.494629	0.453613	3.163574	0.922542	-1.321748	-4.358754
0.384277	0.236816	3.139648	0.901656	-1.259565	-3.480595
0.258301	0.091797	3.183594	0.942716	-1.317951	-2.705442
0.141602	-0.022461	3.230469	0.958855	-1.426415	-2.008611
-0.019531	-0.124512	3.252441	0.911387	-1.485750	-1.401732
-0.231934	-0.188477	3.258789	0.850390	-1.529184	-0.894298
-0.453125	-0.302734	3.254883	0.812416	-1.579262	-0.520250
-0.606445	-0.405273	3.208008	0.751419	-1.593028	-0.280536
-0.726074	-0.464355	3.172852	0.686151	-1.462728	-0.121518
-0.807129	-0.511719	3.139648	0.589553	-1.259565	-0.006883
-0.840820	-0.513672	3.133301	0.507671	-0.970247	0.085205
-0.856445	-0.516602	3.142578	0.406801	-0.631088	0.211708
-0.908691	-0.540039	3.177246	0.312102	-0.323495	0.370251
-1.007324	-0.582520	3.207520	0.200790	-0.055063	0.501263
-1.145996	-0.609375	3.241699	0.103243	0.096123	0.580297
-1.284668	-0.642090	3.305176	0.008544	0.114873	0.623730
-1.404785	-0.668457	3.304199	-0.094224	0.034652	0.580772
-1.503906	-0.683594	3.214844	-0.170885	-0.023734	0.496516
-1.530273	-0.702148	3.149902	-0.193907	-0.036076	0.382593
-1.551270	-0.736816	3.129883	-0.199841	-0.057674	0.288843
-1.583984	-0.775391	3.076660	-0.181803	-0.052690	0.205537
-1.603027	-0.779785	3.001465	-0.141217	-0.065506	0.105616
-1.583496	-0.804199	2.954590	-0.097310	-0.017801	0.005459
-1.527344	-0.798828	3.000488	-0.013054	0.064557	-0.062658
-1.490723	-0.775879	3.032715	0.021835	0.113923	-0.090189
-1.469238	-0.767090	3.044922	0.036550	0.114161	-0.088291
-1.481445	-0.788086	3.032715	0.058623	0.086392	-0.079272
-1.457520	-0.788086	3.050781	0.107990	0.055775	-0.089477
-1.409180	-0.752930	3.046387	0.147151	0.014240	-0.063845
-1.388672	-0.734863	3.053711	0.161154	0.011867	-0.000712
-1.364746	-0.743164	3.113281	0.158781	-0.001424	0.093512
-1.503418	-0.763184	3.122070	0.150948	-0.040585	0.141455
-1.624512	-0.797363	3.127930	0.128876	-0.132199	0.083781
-1.651367	-0.809570	3.081055	0.148100	-0.214556	-0.033940
-1.594238	-0.788574	3.069336	0.179192	-0.219540	-0.120094
-1.560547	-0.764160	3.097168	0.190347	-0.210521	-0.167325
-1.504883	-0.722168	3.127441	0.187736	-0.178480	-0.174920
-1.475586	-0.726074	3.151367	0.177293	-0.113923	-0.187736
-1.480957	-0.748047	3.129395	0.124129	-0.044620	-0.209334
-1.490723	-0.749512	3.093262	0.075474	0.026582	-0.248021
-1.479492	-0.762207	3.086426	0.059335	0.065269	-0.291929
-1.416504	-0.740723	3.098145	0.059810	0.088053	-0.289792
-1.355957	-0.704102	3.112305	0.057911	0.101107	-0.244935
-1.315918	-0.681641	3.099121	0.053164	0.108227	-0.145964
-1.329590	-0.687500	3.109863	0.056724	0.105616	-0.024209
-1.369141	-0.703613	3.137207	0.073338	0.072626	0.075000
-1.452148	-0.720215	3.125977	0.089003	0.022785	0.126502
-1.510254	-0.750000	3.102051	0.125078	-0.031329	0.111075
-1.532227	-0.768066	3.063477	0.166376	-0.027531	0.084018
-1.549316	-0.763672	3.077637	0.208622	-0.004984	0.060047
-1.544922	-0.763672	3.111328	0.228559	0.014240	0.040348
-1.520020	-0.744629	3.159180	0.213844	0.041060	0.009494
-1.510254	-0.733887	3.190918	0.166613	0.049841	-0.000712
-1.510742	-0.744629	3.203613	0.118670	0.065269	-0.000712
-1.504883	-0.735840	3.207031	0.062895	0.073101	0.004509
-1.522949	-0.752441	3.176270	0.018038	0.078322	-0.000712
-1.514160	-0.743164	3.137695	-0.025870	0.086867	-0.020411
-1.498047	-0.737305	3.100586	-0.024921	0.091851	-0.049367
-1.478027	-0.723145	3.077148	-0.020411	0.103718	-0.070015
-1.459961	-0.723145	3.070312	0.027531	0.118433	-0.062183
-1.452637	-0.717773	3.104492	0.032990	0.137895	-0.038449
-1.445312	-0.725098	3.145020	0.025158	0.138607	-0.011630
-1.481934	-0.733887	3.173828	0.008782	0.115347	-0.004035
-1.499023	-0.732910	3.212891	-0.042247	0.058623	-0.011867
-1.500977	-0.723145	3.176758	-0.071677	0.039873	-0.029193
-1.496582	-0.738770	3.168945	-0.079034	0.024921	-0.037500
-1.495605	-0.739258	3.105957	-0.092563	0.015902	-0.059810
-1.495605	-0.737305	3.096191	-0.064319	-0.003560	-0.086155
-1.473145	-0.729004	3.078125	-0.046519	-0.004272	-0.108939
-1.460449	-0.729980	3.083496	-0.028243	0.007120	-0.144778
-1.432129	-0.714355	3.107422	-0.035126	0.043908	-0.166850
-1.380859	-0.710449	3.150879	-0.069066	0.098259	-0.162341
-1.348145	-0.704590	3.125000	-0.118433	0.180379	-0.148338
-1.317871	-0.716797	3.105957	-0.165426	0.300235	-0.114398
-1.309082	-0.713379	3.102051	-0.196280	0.391849	-0.071202
-1.333496	-0.728516	3.110840	-0.239476	0.422703	-0.017326
-1.362305	-0.732910	3.067871	-0.267245	0.392798	0.028481
-1.405273	-0.730957	3.039551	-0.239002	0.342007	0.060284
-1.439941	-0.760254	3.020020	-0.216929	0.242562	0.051978
-1.441406	-0.770508	2.974609	-0.156407	0.165901	0.049841
-1.408691	-0.768066	2.939941	-0.089003	0.119620	0.050553
-1.413574	-0.767090	2.964844	-0.017326	0.098259	0.065743
-1.422363	-0.755371	2.983398	0.022547	0.093275	0.079746
output[0] = 0
output[1] = 0
output[2] = 0
output[3] = 0
output[4] = 0
output[5] = 0
output[6] = 0
output[7] = 0
output[8] = 0
output[9] = 0
output[10] = 0
output[11] = 0
output[12] = 0
Action Type: 2