-1.037598	-0.635742	3.107910	-1.378710	0.439554	-0.841371
-1.036133	-0.657227	3.111816	-1.311780	0.226897	-0.790581
-1.021484	-0.683594	3.061523	-1.313916	-0.028481	-0.755691
-1.002441	-0.701660	3.019531	-1.313916	-0.244698	-0.743350
-0.963379	-0.693359	2.938477	-1.285198	-0.485361	-0.696594
-0.930664	-0.671875	2.858887	-1.203790	-0.785122	-0.618983
-0.864258	-0.694824	2.714844	-1.063997	-1.061386	-0.509570
-0.835449	-0.687500	2.517090	-0.868665	-1.227049	-0.380694
-0.817383	-0.698242	2.357422	-0.580297	-1.240103	-0.235679
-0.817871	-0.681152	2.207031	-0.257040	-1.079661	-0.094699
-0.851562	-0.639160	2.128906	0.088765	-0.779663	0.038212
-0.925293	-0.591797	2.104980	0.427925	-0.406327	0.155933
-1.002441	-0.542480	2.114746	0.741451	-0.071202	0.241375
-1.116211	-0.512207	2.116699	1.064471	0.202214	0.278400
-1.237793	-0.475098	2.190918	1.363283	0.358384	0.277213
-1.375000	-0.421387	2.232910	1.717157	0.347229	0.217641
-1.415039	-0.379395	2.209473	1.986776	0.212894	0.129588
-1.403320	-0.313965	2.105469	2.294369	0.114635	0.044383
-1.349121	-0.326660	1.937012	2.730600	0.088291	0.006408
-1.325684	-0.318359	1.857910	3.259869	0.042009	0.031092
-1.277832	-0.308105	1.866211	3.831622	-0.023259	0.130537
-1.301758	-0.333008	1.938965	4.404561	-0.166613	0.217641
-1.342285	-0.326172	2.068359	4.941899	-0.562971	0.262261
-1.371582	-0.270020	2.153809	5.567766	-1.186227	0.236154
-1.380859	-0.195801	2.244141	6.186037	-1.992472	0.134097
-1.283203	-0.054199	2.295898	6.828043	-2.866359	-0.052690
-1.031250	0.145996	2.269531	7.508972	-3.487478	-0.188211
-0.730469	0.308105	2.214844	7.776929	-3.625848	-0.197942
-0.395996	0.479004	2.187988	7.776929	-3.299267	-0.063845
-0.157227	0.663574	2.274414	7.776929	-2.585110	0.253717
-0.077637	0.894531	2.449219	7.776929	-1.701730	0.683540
-0.163086	1.072266	2.712891	7.776929	-0.824995	1.116923
-0.491211	1.350098	3.553711	7.776929	-0.542323	1.520639
-0.799316	1.441895	3.999878	7.776929	-1.094613	1.751809
-0.924805	1.415527	3.999878	7.776929	-1.416209	1.671113
-0.952637	1.397461	3.999878	7.776929	-1.542000	1.421194
-0.918945	1.415039	3.999878	7.776929	-1.521826	1.201179
-0.927734	1.413574	3.999878	7.776929	-1.199281	1.027921
-1.118164	1.404785	3.999878	6.770369	-0.775865	0.953633
-1.549805	1.388184	3.999878	5.024257	-0.395884	0.780612
-2.028809	1.329590	3.999878	3.202195	0.020411	0.398020
-2.523438	1.221191	3.999878	1.459880	0.428874	-0.254429
-2.984863	1.001465	3.999878	-0.011155	0.602844	-1.121433
-3.228027	0.802246	3.999878	-1.136860	0.519538	-2.245476
-3.254395	0.601562	3.999878	-1.832742	0.315188	-3.539693
-3.044922	0.591309	3.999878	-2.154812	-0.043196	-4.825603
-2.628418	0.807617	3.999878	-2.288435	-0.550392	-5.857321
-2.174316	0.963379	3.999878	-2.396899	-1.008934	-6.500276
-1.812012	1.123047	3.999878	-2.517468	-1.565497	-6.799799
-1.620605	1.191406	3.999878	-2.654414	-2.156236	-6.867916
-1.495117	1.228027	3.999878	-2.753622	-2.761692	-6.894973
-1.377441	1.219727	3.999878	-2.907418	-3.355042	-6.984212
-1.216797	1.200195	3.999878	-3.145946	-3.787714	-7.141095
-1.011230	1.196289	3.999878	-3.461845	-4.128772	-7.269733
-0.784668	1.220215	3.999878	-3.791036	-4.279483	-7.317201
-0.553223	1.240234	3.999878	-4.201160	-4.234151	-7.360634
-0.314941	1.291504	3.999878	-4.730904	-4.034073	-7.319574
-0.135742	1.301270	3.999878	-5.194904	-3.748315	-7.272819
0.069336	1.315918	3.999878	-5.575123	-3.320153	-7.137297
0.283691	1.273926	3.999878	-5.740075	-2.760979	-6.938406
0.501953	1.214844	3.718750	-5.761436	-2.109718	-6.706762
0.672363	1.142578	3.552734	-5.730819	-1.545085	-6.431921
0.830078	1.035645	3.422852	-5.613335	-1.065421	-6.034852
0.915039	0.914062	3.331543	-5.428922	-0.824520	-5.585804
0.991211	0.810547	3.233398	-5.186360	-0.807669	-5.147199
1.029785	0.707520	3.126465	-4.896093	-0.964788	-4.746331
1.076172	0.621582	3.007324	-4.555510	-1.273805	-4.331697
1.177734	0.545898	2.854492	-4.180749	-1.551019	-3.889770
1.280273	0.453125	2.724609	-3.851795	-1.694847	-3.466592
1.410645	0.357422	2.614746	-3.462795	-1.665654	-2.946580
1.473633	0.269531	2.599609	-3.047687	-1.606794	-2.347058
1.499023	0.210938	2.615234	-2.819128	-1.645005	-1.737568
1.454102	0.125488	2.559570	-2.522927	-1.632189	-1.030057
1.269043	0.054199	2.549805	-2.271584	-1.578076	-0.396596
1.063477	-0.027344	2.535156	-2.016918	-1.469374	0.098259
0.872070	-0.146484	2.525879	-1.817315	-1.364469	0.438605
0.719727	-0.261719	2.532715	-1.641208	-1.266210	0.659331
0.608887	-0.349121	2.516602	-1.464390	-1.127604	0.798650
0.541504	-0.409180	2.510742	-1.308220	-0.923254	0.894773
0.431641	-0.486328	2.555176	-1.185277	-0.737416	0.955057
0.342773	-0.541992	2.603027	-1.103395	-0.609253	0.947225
0.258789	-0.589355	2.658203	-1.015579	-0.503873	0.891687
0.191895	-0.660645	2.724609	-0.938681	-0.414871	0.799837
0.106445	-0.768066	2.752930	-0.852052	-0.349840	0.644142
0.025391	-0.835449	2.838867	-0.758540	-0.378795	0.448573
0.012207	-0.898926	2.871094	-0.701815	-0.405852	0.252530
0.025391	-0.953125	2.905273	-0.676657	-0.373811	0.056724
0.064941	-0.985352	2.868164	-0.671910	-0.255615	-0.118670
0.143066	-1.046387	2.815430	-0.631800	-0.028006	-0.262261
0.209473	-1.049316	2.800781	-0.557512	0.312102	-0.321833
0.277344	-1.049316	2.830078	-0.460203	0.704901	-0.325868
0.301270	-1.021973	2.939453	-0.360045	1.067557	-0.249919
0.270020	-1.029785	3.071289	-0.271517	1.313441	-0.131249
0.142090	-1.060059	3.280762	-0.191296	1.414548	-0.041297
-0.001953	-1.082520	3.448242	-0.095885	1.256005	-0.022310
-0.080078	-1.119629	3.565918	-0.028956	0.902368	-0.075474
-0.048340	-1.128418	3.633789	0.032990	0.513842	-0.129825
0.021973	-1.147461	3.655273	0.089003	0.187024	-0.142879
0.082031	-1.131836	3.654785	0.146202	-0.072863	-0.083069
0.111816	-1.085938	3.647949	0.200553	-0.266058	0.033940
0.106445	-1.078125	3.623535	0.256802	-0.429586	0.145964
0.056152	-1.066895	3.631348	0.347229	-0.590265	0.244223
-0.007812	-1.083008	3.629395	0.462814	-0.769932	0.299049
-0.029297	-1.100098	3.646973	0.589791	-0.895010	0.290505
-0.039062	-1.069336	3.699219	0.667638	-0.938206	0.262261
-0.004883	-1.025879	3.705078	0.676657	-0.872226	0.220489
0.013672	-0.987305	3.715820	0.632275	-0.656721	0.175869
0.025391	-0.939453	3.817871	0.547544	-0.464950	0.142879
0.049805	-0.921387	3.831543	0.431485	-0.288368	0.129588
0.056152	-0.928711	3.839844	0.304033	-0.085443	0.106803
0.050781	-0.888184	3.840332	0.165664	0.073575	0.092563
0.046387	-0.863770	3.825684	0.065506	0.164952	0.082594
0.043457	-0.833008	3.793945	0.003560	0.221676	0.093512
0.044434	-0.832031	3.771973	-0.033940	0.253954	0.108939
0.056641	-0.792480	3.753418	-0.065031	0.248970	0.130300
0.063965	-0.775879	3.749512	-0.110363	0.274128	0.153084
0.071289	-0.742188	3.771973	-0.147151	0.295726	0.196043
0.070801	-0.747070	3.789551	-0.198654	0.311865	0.245647
0.058594	-0.757324	3.796387	-0.262498	0.327530	0.316137
0.047852	-0.781738	3.812012	-0.359096	0.368115	0.389001
0.000977	-0.770020	3.830078	-0.485836	0.407039	0.472545
-0.086914	-0.769531	3.809082	-0.617085	0.407513	0.532829
-0.140137	-0.772949	3.789551	-0.726499	0.390899	0.555614
-0.180664	-0.801270	3.756836	-0.804584	0.358621	0.530218
-0.200195	-0.830566	3.696777	-0.862495	0.266058	0.498177
-0.164062	-0.905273	3.595703	-0.849441	0.127689	0.466136
0.504395	-1.352051	3.482910	-0.705613	0.103955	0.617559
1.222656	-2.864258	3.063965	-0.196518	0.775628	1.495244
0.383301	-2.754883	3.640137	0.332988	1.132825	1.760353
-0.359863	-1.609375	3.717773	0.468510	0.618983	1.385118
-0.583496	-1.060059	3.723145	0.743587	0.999915	0.853950
-0.723633	-0.605957	3.999878	0.913997	1.147540	0.380456
-0.624023	-0.245605	3.999878	0.675708	0.629189	0.164239
-0.333984	-0.282227	3.999878	0.368827	0.345330	0.190584
-0.102539	-0.709473	3.999878	0.181803	0.327055	0.407988
-0.170410	-1.062012	3.999878	0.075712	0.204113	0.541611
-0.314453	-1.029297	3.999878	-0.008782	-0.024209	0.406801
-0.403809	-0.869629	3.999878	-0.106566	-0.130300	0.108227
-0.285156	-0.773438	3.999878	-0.294777	-0.230695	-0.131012
-0.066406	-0.817871	3.999878	-0.541136	-0.294302	-0.173021
0.026855	-0.899414	3.952148	-0.714632	-0.307118	-0.089952
0.000977	-0.899414	3.778320	-0.779426	-0.284334	-0.021835
-0.027832	-0.903809	3.631836	-0.756878	-0.208622	-0.018275
-0.062988	-0.914062	3.574219	-0.679268	-0.140268	-0.037025
-0.034180	-0.896973	3.494629	-0.555614	-0.107752	-0.041772
-0.012207	-0.900391	3.464844	-0.404191	-0.121044	0.003323
-0.009277	-0.921387	3.492188	-0.235442	-0.192008	0.059810
-0.050293	-0.979004	3.476074	-0.049841	-0.326818	0.103006
-0.089844	-1.027832	3.560059	0.100870	-0.481089	0.109414
-0.103516	-1.041992	3.588867	0.201502	-0.594300	0.070965
output[0] = 0
output[1] = 100
output[2] = 0
output[3] = 0
output[4] = 0
output[5] = 0
output[6] = 0
output[7] = 0
output[8] = 0
output[9] = 0
output[10] = 0
output[11] = 0
output[12] = 0
Action Type: 1