-1.330566	-0.230469	2.791504	0.693983	0.253005	0.480614
-1.317871	-0.221680	2.759766	0.764236	0.264634	0.591927
-1.320312	-0.192383	2.728516	0.848491	0.265821	0.704901
-1.316406	-0.184082	2.714844	0.908301	0.274603	0.803160
-1.319824	-0.170410	2.681152	0.991133	0.321121	0.929187
-1.322266	-0.131348	2.647949	1.081797	0.379982	1.063047
-1.332031	-0.111816	2.623047	1.161306	0.473019	1.183616
-1.322266	-0.074707	2.550293	1.218742	0.609490	1.310593
-1.314941	-0.023926	2.502930	1.306321	0.739552	1.445877
-1.290039	0.033691	2.457031	1.447064	0.896672	1.565497
-1.263184	0.125977	2.423340	1.608930	1.092477	1.724514
-1.225098	0.237305	2.419434	1.763913	1.314153	1.954023
-1.250488	0.319824	2.517090	1.860036	1.459168	2.218894
-1.271484	0.392090	2.566895	1.966364	1.526810	2.520791
-1.328613	0.449707	2.587891	2.060114	1.583060	2.832182
-1.386230	0.515137	2.587891	2.083373	1.625781	3.086848
-1.396973	0.612305	2.550781	2.090493	1.735907	3.363349
-1.348633	0.741211	2.501465	2.105446	1.893026	3.659312
-1.249023	0.936035	2.449707	2.117313	2.071031	4.068250
-1.165527	1.090332	2.427246	2.133689	2.243815	4.646885
-1.164551	1.137695	2.396484	2.200145	2.315254	5.289128
-1.301758	1.137207	2.352539	2.311220	2.250461	5.871799
-1.524902	1.195801	2.338379	2.530997	2.032345	6.348615
-1.849609	1.281738	2.363281	2.792071	1.699119	6.692996
-2.077637	1.402344	2.352539	3.055519	1.315340	6.827806
-2.221680	1.529297	2.386230	3.324663	1.049044	6.841334
-2.270508	1.626465	2.468262	3.540880	0.818112	6.874799
-2.334473	1.762207	2.538086	3.762556	0.638920	6.952172
-2.518555	1.779297	2.632812	3.975212	0.432909	7.050668
-2.789062	1.757812	2.715332	4.181461	0.122468	7.053991
-3.072754	1.720703	2.699707	4.331935	-0.079272	6.819024
-3.408203	1.729004	2.887207	4.424023	-0.373099	6.347191
-3.566895	1.708984	2.774902	4.492377	-0.449285	5.688809
-3.830078	1.620117	2.860840	4.535336	-0.697543	4.958513
-3.826660	1.484863	2.817383	4.569750	-0.660993	4.098867
-3.903809	1.485840	2.889160	4.603452	-0.652211	3.257970
-4.000000	1.544434	3.027832	4.496412	-0.648414	2.362960
-4.000000	1.548340	3.120117	4.272600	-0.737416	1.420956
-3.944824	1.554199	3.205566	4.129721	-0.843033	0.477529
-3.891113	1.539062	3.241699	3.934153	-0.972620	-0.393273
-3.802246	1.598145	3.333496	3.694201	-1.145404	-1.190024
-3.712891	1.696777	3.350098	3.354568	-1.236780	-1.937883
-3.614746	1.750488	3.406738	3.010899	-1.284723	-2.592231
-3.599121	1.742676	3.461914	2.657024	-1.423567	-3.162322
-3.668945	1.674805	3.469727	2.278704	-1.682031	-3.754723
-3.705078	1.637207	3.389160	1.943817	-1.981554	-4.484070
-3.630859	1.677734	3.329102	1.645005	-2.208926	-5.222673
-3.532227	1.711426	3.279297	1.410276	-2.352517	-5.921877
-3.429688	1.744141	3.276855	1.178869	-2.507500	-6.513804
-3.412109	1.749512	3.270996	0.980453	-2.662483	-7.082946
-3.430664	1.704590	3.259766	0.875074	-2.914301	-7.685316
-3.436523	1.694336	3.255371	0.676657	-3.177512	-7.777166
-3.391602	1.739746	3.242188	0.476342	-3.363586	-7.777166
-3.369141	1.738281	3.260254	0.241850	-3.528775	-7.777166
-3.456055	1.750488	3.328613	0.024683	-3.547050	-7.777166
-3.599121	1.675781	3.497559	-0.315188	-3.683996	-7.777166
-3.623535	1.680664	3.533691	-0.737179	-3.927032	-7.777166
-3.430664	1.817871	3.443359	-1.201416	-4.122601	-7.777166
-3.007324	2.035156	3.227539	-1.633851	-4.166509	-7.777166
-2.515137	2.269531	2.985352	-1.977519	-3.943883	-7.777166
-1.958984	2.368164	2.790039	-2.172613	-3.534234	-7.777166
-1.393555	2.480957	2.671875	-2.224828	-3.046263	-7.777166
-1.010254	2.546387	2.750000	-2.101648	-2.545712	-7.777166
-0.783203	2.367188	2.947754	-1.891365	-2.496820	-7.777166
-0.571777	2.117676	3.067871	-1.864071	-2.797293	-7.777166
-0.287598	1.866699	3.045898	-1.939782	-3.070471	-7.777166
0.091309	1.695801	3.032715	-2.028548	-3.298555	-7.777166
0.529297	1.550781	2.943359	-2.196584	-3.396814	-7.777166
0.928711	1.442871	2.773438	-2.540253	-3.113430	-7.777166
1.135742	1.155273	2.302246	-2.619525	-2.681708	-7.777166
1.374512	0.763672	1.996094	-2.279416	-2.168341	-7.777166
1.782715	0.469238	1.875000	-1.752283	-1.625781	-7.777166
2.097168	0.296875	1.984863	-1.193110	-1.256954	-7.777166
2.298340	0.132812	2.133301	-0.684252	-1.040025	-7.322897
2.382324	-0.013184	2.334473	-0.221201	-0.939868	-5.971482
2.355469	-0.176270	2.583008	0.154034	-1.132588	-4.598468
2.254395	-0.333496	2.741699	0.448098	-1.482902	-3.259631
2.089355	-0.482910	2.827148	0.633699	-1.812093	-2.006475
1.868652	-0.610840	2.839844	0.739078	-1.988200	-0.909963
1.579590	-0.724609	2.795410	0.791530	-1.899909	-0.019937
1.291504	-0.832031	2.808105	0.845881	-1.646192	0.706325
0.935059	-0.941406	2.831055	0.852526	-1.411937	1.261464
0.606445	-0.998535	2.866699	0.884567	-1.268346	1.627205
0.234375	-1.061523	2.913574	0.945326	-1.136148	1.816128
-0.035156	-1.140137	2.933594	0.975706	-0.997779	1.801413
-0.206543	-1.195801	2.998047	0.938681	-0.778951	1.646667
-0.265625	-1.233887	3.091797	0.867716	-0.434807	1.454184
-0.254883	-1.259766	3.187988	0.736230	-0.100870	1.316527
-0.235840	-1.300781	3.273926	0.630613	0.113686	1.219929
-0.234375	-1.250000	3.334961	0.463288	0.250869	1.206163
-0.267090	-1.223633	3.321289	0.291929	0.362656	1.250546
-0.328125	-1.235840	3.322266	0.196043	0.396833	1.333852
-0.462402	-1.306152	3.269043	0.106566	0.372862	1.381558
-0.617676	-1.354492	3.239746	0.103480	0.365267	1.351890
-0.738770	-1.375488	3.216309	0.137657	0.373336	1.237255
-0.791504	-1.385254	3.228516	0.164002	0.376184	1.076338
-0.814453	-1.396484	3.243164	0.166376	0.350314	0.929187
-0.788086	-1.423340	3.221191	0.180141	0.318748	0.809805
-0.762207	-1.415039	3.197754	0.196992	0.289792	0.726261
-0.720215	-1.377441	3.172363	0.257040	0.289080	0.690186
-0.730469	-1.367188	3.243164	0.296913	0.237340	0.706087
-0.778320	-1.361816	3.273926	0.347704	0.150236	0.725312
-0.851074	-1.384766	3.283203	0.398732	0.020411	0.701341
-0.895508	-1.400391	3.280762	0.445725	-0.074050	0.617322
-0.890137	-1.383789	3.291016	0.480377	-0.097310	0.498889
-0.848633	-1.375977	3.315918	0.484412	-0.057199	0.405615
-0.834961	-1.371582	3.364258	0.458779	-0.002611	0.363368
-0.849121	-1.347168	3.377441	0.408700	0.026582	0.342007
-0.861328	-1.311035	3.405273	0.362656	0.040348	0.308305
-0.839355	-1.310547	3.413574	0.331802	0.087104	0.276976
-0.825195	-1.292480	3.433594	0.267482	0.110126	0.263685
-0.824219	-1.283203	3.440430	0.215980	0.140743	0.272467
-0.863281	-1.300293	3.442871	0.206486	0.126977	0.275789
-0.904785	-1.306152	3.431641	0.201739	0.076186	0.254903
-0.924316	-1.314453	3.428711	0.191534	0.030380	0.218116
-0.937012	-1.304199	3.445801	0.181803	0.004747	0.169461
-0.942383	-1.295898	3.437988	0.161154	0.012104	0.125553
-0.971191	-1.295410	3.455078	0.137657	0.004984	0.071914
-0.973633	-1.293457	3.451660	0.127689	0.016139	0.005934
-0.940430	-1.281250	3.452637	0.116297	0.010680	-0.048892
-0.878906	-1.271484	3.466309	0.082357	0.030617	-0.083306
-0.851562	-1.260254	3.477539	0.055300	0.059335	-0.070015
-0.856934	-1.259766	3.502930	0.030142	0.085205	-0.015190
-0.926758	-1.253418	3.536133	0.003323	0.074288	0.028956
-0.987305	-1.271484	3.586914	-0.025870	0.039873	0.009968
-1.028809	-1.311523	3.584961	-0.103243	-0.022073	-0.058148
-1.003418	-1.307617	3.569336	-0.199128	-0.034652	-0.131724
-0.970703	-1.297363	3.537109	-0.299523	-0.018987	-0.196518
-0.960938	-1.294922	3.503418	-0.337973	-0.029193	-0.236391
-0.923340	-1.284180	3.478027	-0.269144	-0.056724	-0.271992
-0.883301	-1.264160	3.450195	-0.279824	-0.114635	-0.264160
-0.836426	-1.263672	3.443848	-0.267245	-0.098971	-0.228796
-0.841309	-1.250977	3.476074	-0.282910	-0.097784	-0.178480
-0.841309	-1.256836	3.477539	-0.318748	-0.111550	-0.131961
-0.864258	-1.278320	3.423340	-0.365504	-0.110838	-0.127452
-0.866211	-1.303223	3.408691	-0.464950	-0.112025	-0.147863
-0.854980	-1.315430	3.390137	-0.486310	-0.113686	-0.174208
-0.863281	-1.316406	3.346191	-0.517639	-0.131961	-0.204587
-0.859863	-1.323242	3.311523	-0.497228	-0.136708	-0.230932
-0.868652	-1.349609	3.256836	-0.494380	-0.116771	-0.280774
-0.877930	-1.366699	3.283691	-0.483937	-0.100870	-0.341295
-0.855957	-1.354980	3.250488	-0.487972	-0.101819	-0.418194
-0.811035	-1.370605	3.246094	-0.496991	-0.069303	-0.483462
-0.786621	-1.350098	3.277832	-0.517164	0.005696	-0.542323
-0.723145	-1.354004	3.287598	-0.571041	0.045332	-0.560835
-0.672363	-1.330078	3.271973	-0.604268	0.049129	-0.557512
-0.636230	-1.321777	3.237305	-0.637259	0.074525	-0.526421
-0.633789	-1.320801	3.199707	-0.642005	0.112262	-0.475155
-0.656738	-1.349121	3.166016	-0.619695	0.123892	-0.455456
-0.675781	-1.350098	3.116211	-0.593825	0.159018	-0.467323
output[0] = 0
output[1] = 0
output[2] = 0
output[3] = 0
output[4] = 0
output[5] = 0
Action Type: 3