-1.385254	-0.134277	2.003418	-0.046993	-0.075949	1.468662
-1.328613	-0.076660	1.938965	-0.037974	-0.038924	1.699119
-1.232910	-0.020996	1.923340	0.017089	-0.053164	1.974196
-1.121094	0.053711	1.898438	0.091851	-0.145490	2.286062
-1.017090	0.111328	1.912598	0.190822	-0.283622	2.656787
-0.911621	0.227539	1.958984	0.277925	-0.469459	3.102275
-0.813477	0.329590	1.930176	0.385441	-0.703951	3.595231
-0.719238	0.435547	1.897949	0.481801	-0.928475	4.160100
-0.649414	0.570801	1.870605	0.593825	-1.115025	4.762233
-0.604980	0.649414	1.903320	0.760676	-1.240815	5.423463
-0.709473	0.741211	1.965820	0.925864	-1.337412	6.102968
-0.934570	0.842285	2.108398	1.063047	-1.464627	6.752806
-1.224121	0.904297	2.287598	1.143505	-1.641683	7.289195
-1.477051	0.864746	2.460449	1.081797	-1.761302	7.619335
-1.767578	0.914551	2.665039	0.913997	-1.770321	7.776929
-2.019043	1.001465	2.804688	0.666689	-1.716445	7.776929
-2.196289	1.176270	2.898438	0.290979	-1.588756	7.776929
-2.394531	1.238770	2.834961	-0.170410	-1.171512	7.776929
-2.687012	1.254883	2.692383	-0.561072	-0.778239	7.776929
-2.846191	1.286621	2.424316	-0.741451	-0.565107	7.776929
-2.967285	1.272949	2.181641	-0.618509	-0.375472	7.624557
-3.082031	1.220703	2.043457	-0.256565	-0.319935	7.419732
-3.190430	1.217285	2.036621	0.254666	-0.537338	7.148452
-3.205566	1.308594	2.106934	0.820485	-0.924678	6.876223
-3.246094	1.354492	2.266602	1.345957	-1.221116	6.633898
-3.286621	1.371094	2.485352	1.700543	-1.381558	6.362381
-3.257324	1.441895	2.714355	1.804498	-1.445402	6.046244
-3.125000	1.617676	2.811523	1.836064	-1.423804	5.768793
-4.000000	1.567383	3.937012	1.490972	-1.518503	5.296960
-4.000000	1.098633	3.999878	-0.356722	-2.470000	3.528063
-4.000000	1.095703	3.999878	-2.406156	-1.886143	1.664467
-4.000000	1.055664	3.559082	-3.107259	-0.168274	1.220166
-3.061523	1.468750	2.297363	-2.592943	1.226812	1.847694
-2.861816	1.889648	1.609375	-1.462728	0.907827	2.481393
-3.517578	1.838867	1.027832	-0.091613	-0.155695	2.574905
-4.000000	1.470703	0.925293	1.588756	-1.787884	1.920795
-4.000000	1.276855	1.254395	2.834318	-2.950377	0.856324
-4.000000	1.200684	1.574707	3.763030	-3.310660	-0.451896
-4.000000	1.106934	2.039551	4.087000	-3.046975	-1.521351
-4.000000	1.019043	2.652832	4.056858	-2.669841	-2.530760
-4.000000	1.039551	3.110840	3.528538	-2.368893	-3.690879
-4.000000	1.116699	3.370117	2.831232	-2.262802	-4.746806
-4.000000	1.276367	3.421387	2.131078	-2.149591	-5.974329
-4.000000	1.533203	3.438965	1.551968	-2.181869	-6.961428
-3.982422	1.726074	3.272949	1.113126	-2.341125	-7.740616
-3.810547	1.722656	2.949707	0.815027	-2.596028	-7.777166
-3.747559	1.743164	2.688477	0.703477	-2.893653	-7.777166
-3.591797	1.810547	2.353027	0.809568	-3.239220	-7.777166
-3.346191	1.866211	2.132324	0.993032	-3.504092	-7.777166
-2.992188	1.925293	1.969727	1.342871	-3.561291	-7.777166
-2.727051	1.970703	1.925781	1.540813	-3.453776	-7.777166
-2.558594	1.958984	1.963867	1.718106	-3.267464	-7.777166
-2.506348	1.855469	1.991699	1.913675	-2.884871	-7.777166
-2.645508	1.680664	2.082031	2.124670	-2.435586	-7.777166
-2.820312	1.572754	2.255371	2.203942	-2.106632	-7.777166
-2.816406	1.633789	2.346680	2.230524	-1.865969	-7.777166
-2.636230	1.755371	2.430176	2.193499	-1.528471	-7.777166
-2.402832	1.820312	2.421387	2.097376	-0.973570	-7.777166
-2.256836	1.796387	2.472656	1.979655	-0.443114	-7.777166
-2.018066	1.852539	2.580566	1.935747	-0.061946	-7.777166
-1.751953	1.933105	2.725586	1.963991	0.217166	-7.777166
-1.629395	1.910645	3.038086	1.952599	0.248970	-7.777166
-1.525391	1.785156	3.294922	1.822773	0.033465	-7.777166
-1.267090	1.714355	3.406250	1.542237	-0.294302	-7.777166
-0.813477	1.718750	3.371094	1.288283	-0.571515	-7.777166
-0.323242	1.703613	3.348145	1.073965	-0.712970	-7.777166
0.170410	1.576660	3.305176	0.853001	-0.903317	-7.777166
0.590332	1.357910	3.130371	0.699916	-1.083696	-7.777166
0.891602	1.030762	2.859863	0.677132	-1.074440	-7.777166
1.059082	0.702637	2.745117	0.807669	-0.959092	-7.777166
1.140137	0.491699	2.772461	0.976893	-0.947700	-6.783422
1.209961	0.379395	2.857422	1.111702	-0.958143	-5.719664
1.258789	0.277344	2.981445	1.118347	-0.901656	-4.794986
1.252930	0.149414	3.112793	1.029582	-0.835675	-3.805989
1.170898	-0.020996	3.229980	0.893349	-0.856798	-2.819602
1.052246	-0.176758	3.244629	0.734093	-0.963364	-1.978943
0.894043	-0.278320	3.206055	0.586468	-1.025073	-1.195483
0.681641	-0.351562	3.108398	0.480139	-0.979741	-0.520487
0.430176	-0.432617	2.985352	0.407988	-0.869377	0.026345
0.203125	-0.526855	2.886719	0.403716	-0.693746	0.433146
-0.028320	-0.603027	2.815430	0.469696	-0.520250	0.733144
-0.254883	-0.671387	2.835938	0.546832	-0.421991	0.923254
-0.419922	-0.757812	2.922852	0.622544	-0.360045	1.021987
-0.526367	-0.793945	2.983398	0.655534	-0.294777	1.064946
-0.668945	-0.856445	3.094727	0.617559	-0.259413	1.054503
-0.828125	-0.926758	3.133789	0.551104	-0.241850	0.960041
-0.908203	-1.009766	3.158203	0.478003	-0.219302	0.789631
-0.897461	-1.017578	3.183594	0.374523	-0.155933	0.586468
-0.841309	-0.994629	3.274902	0.237103	-0.040111	0.455219
-0.841309	-1.003418	3.337402	0.030142	0.083069	0.424602
-0.899414	-1.038086	3.342285	-0.181803	0.181803	0.374998
-0.970215	-1.102539	3.269043	-0.334650	0.215980	0.288368
-0.970215	-1.137695	3.187500	-0.406564	0.209334	0.157594
-0.920410	-1.148438	3.135254	-0.437181	0.212182	0.066218
-0.854004	-1.106934	3.095703	-0.445488	0.206486	0.049841
-0.818359	-1.102051	3.064453	-0.436469	0.218590	0.090189
-0.875000	-1.166016	3.060547	-0.390899	0.197942	0.143354
-0.958496	-1.216309	3.019531	-0.325631	0.114161	0.136233
-1.007812	-1.246094	2.974121	-0.222863	0.019462	0.073813
-0.970703	-1.264648	2.982422	-0.100632	-0.029193	0.011155
-0.887695	-1.218262	3.021484	-0.026582	-0.073813	0.028718
-0.821777	-1.191406	3.074219	0.036076	-0.107752	0.138844
-0.840820	-1.184570	3.103027	0.084968	-0.170648	0.286944
-0.920898	-1.178223	3.138672	0.132673	-0.237103	0.391374
-0.983887	-1.199219	3.150879	0.172309	-0.304745	0.436469
-1.041504	-1.193848	3.132324	0.207673	-0.337261	0.454032
-1.083008	-1.180664	3.152832	0.235204	-0.372862	0.438842
-1.076660	-1.173340	3.172363	0.271517	-0.407988	0.419143
-1.100586	-1.175293	3.207520	0.269856	-0.404665	0.411785
-1.165039	-1.195312	3.256348	0.248495	-0.391849	0.382830
-1.228027	-1.221680	3.235840	0.251581	-0.389713	0.300235
-1.235840	-1.190430	3.239258	0.234492	-0.339159	0.197467
-1.208984	-1.172852	3.274902	0.194619	-0.276739	0.124366
-1.200195	-1.152344	3.307129	0.123417	-0.221438	0.084493
-1.175781	-1.140137	3.331543	0.038449	-0.172546	0.056962
-1.124512	-1.140625	3.352051	-0.002611	-0.088291	0.049841
-1.091797	-1.120605	3.360352	-0.065269	0.010918	0.060996
-1.066895	-1.130859	3.354004	-0.162103	0.068829	0.085205
-1.095703	-1.118652	3.359375	-0.257989	0.091376	0.127214
-1.127441	-1.106445	3.291504	-0.337973	0.143828	0.152847
-1.150391	-1.126465	3.225098	-0.409649	0.196755	0.143591
-1.143555	-1.128418	3.166016	-0.397308	0.211708	0.110838
-1.160156	-1.139160	3.151855	-0.389238	0.220489	0.090664
-1.159668	-1.123047	3.147949	-0.378083	0.238764	0.072626
-1.159668	-1.125977	3.131348	-0.359096	0.237578	0.047705
-1.146484	-1.120605	3.140625	-0.341295	0.245173	0.025633
-1.123047	-1.124023	3.124512	-0.346042	0.267957	0.030380
-1.090820	-1.105469	3.164062	-0.348416	0.244935	0.048655
-1.076660	-1.114746	3.153809	-0.356960	0.201739	0.079272
-1.119141	-1.147461	3.140625	-0.339397	0.145727	0.095885
-1.128906	-1.152344	3.095703	-0.295014	0.098022	0.081170
-1.108887	-1.125977	3.101562	-0.264634	0.087341	0.079272
-1.081055	-1.123047	3.094727	-0.258701	0.086629	0.101107
-1.059570	-1.120605	3.076660	-0.264160	0.149287	0.156645
-1.107910	-1.150879	3.039062	-0.279350	0.243748	0.184176
-1.175781	-1.179199	3.031738	-0.253717	0.275077	0.178243
-1.217773	-1.178711	3.041504	-0.231881	0.265346	0.126977
-1.190430	-1.158691	3.067871	-0.208385	0.270805	0.090664
-1.184570	-1.136230	3.083008	-0.238290	0.301897	0.090427
-1.204590	-1.157227	3.093750	-0.288606	0.319223	0.088053
-1.222168	-1.194336	3.062988	-0.319460	0.300235	0.054826
-1.229004	-1.223633	3.026367	-0.286232	0.268907	-0.008307
-1.208496	-1.195801	3.019531	-0.243511	0.231881	-0.057436
-1.186523	-1.171387	2.995605	-0.206723	0.177293	-0.075474
-1.150391	-1.150879	2.998047	-0.166613	0.107278	-0.077848
-1.108887	-1.144043	3.017090	-0.126028	0.021361	-0.052927
-1.071777	-1.116699	3.024902	-0.069541	-0.044857	-0.028718
-1.050293	-1.113281	3.053711	-0.044857	-0.074288	0.019937
-1.017090	-1.104980	3.036133	-0.036788	-0.072863	0.088291
-1.043457	-1.109375	3.016602	-0.035364	-0.046281	0.140980
output[0] = 0
output[1] = 0
output[2] = 0
output[3] = 0
output[4] = 0
output[5] = 0
output[6] = 0
output[7] = 0
output[8] = 0
output[9] = 0
output[10] = 0
output[11] = 0
output[12] = 0
Action Type: 2