-0.657715	0.247559	3.999878	2.429652	-2.220793	-2.913827
-0.636230	0.295410	3.999878	2.340175	-2.107819	-3.374267
-0.494629	0.340332	3.999878	2.299353	-1.953785	-3.849659
-0.295898	0.366211	3.999878	2.294843	-1.698407	-4.293723
-0.055664	0.437500	3.999878	2.230287	-1.462965	-4.613183
0.208984	0.458008	3.999878	2.116363	-1.343821	-4.749179
0.457031	0.414551	3.999878	1.941206	-1.275229	-4.732802
0.664062	0.358398	3.999878	1.779103	-1.234882	-4.562867
0.814941	0.328613	3.999878	1.620322	-1.390577	-4.297283
0.963867	0.327637	3.999878	1.429975	-1.616050	-3.994437
1.038574	0.297852	3.999878	1.268584	-1.984165	-3.666433
1.040527	0.263184	3.999878	1.169850	-2.379811	-3.400849
0.998047	0.185547	3.999878	1.041449	-2.779255	-3.162559
1.036621	0.143066	3.999878	0.999440	-3.071183	-2.995946
1.048828	0.119629	3.999878	1.021513	-3.098003	-2.907893
1.104004	0.083984	3.999878	1.105768	-2.917624	-2.885583
1.188965	0.063477	3.999878	1.282350	-2.525301	-2.874428
1.256348	0.054199	3.999878	1.375624	-2.020952	-2.862798
1.283203	0.030762	3.999878	1.330292	-1.703866	-2.855204
1.340332	0.048828	3.999878	1.243426	-1.582822	-2.796343
1.457031	0.054688	3.999878	1.069218	-1.693186	-2.713749
1.609863	0.071289	3.999878	0.837099	-1.897298	-2.577990
1.772949	0.066895	3.999878	0.550867	-2.043500	-2.366520
1.895508	0.032715	3.999878	0.288131	-1.935035	-2.100699
1.953125	0.017090	3.999878	0.139793	-1.672300	-1.792156
2.008789	0.060059	3.999878	0.078560	-1.350941	-1.425940
1.982422	0.125488	3.999878	-0.008070	-1.073015	-1.029107
1.845215	0.146484	3.999878	-0.138132	-0.877922	-0.689948
1.751465	0.149414	3.999878	-0.253242	-0.881957	-0.392798
1.703613	0.198242	3.999878	-0.413447	-1.022937	-0.120569
1.635742	0.229492	3.999878	-0.671910	-1.193110	0.171360
1.525879	0.244629	3.999878	-1.040025	-1.332191	0.446437
1.417969	0.329102	3.999878	-1.437570	-1.380371	0.665502
1.308105	0.399414	3.999878	-1.808533	-1.311305	0.824283
1.182129	0.452637	3.999878	-2.106158	-1.127604	0.940580
1.033203	0.493164	3.999878	-2.350381	-0.882194	0.990658
0.860840	0.517578	3.999878	-2.576566	-0.583857	0.971671
0.730957	0.563477	3.999878	-2.767625	-0.300710	0.899994
0.576172	0.615234	3.999878	-2.949190	-0.085917	0.767321
0.458008	0.641602	3.999878	-3.158287	0.023497	0.572939
0.351562	0.637695	3.999878	-3.439061	0.066455	0.330852
0.330078	0.631836	3.999878	-3.777745	0.042959	0.082832
0.377441	0.657227	3.999878	-4.169357	0.010443	-0.119620
0.411621	0.691895	3.999878	-4.549338	-0.048180	-0.253242
0.445801	0.688965	3.999878	-4.883514	-0.106566	-0.350314
0.495117	0.685547	3.999878	-5.175680	-0.167325	-0.449997
0.578125	0.660156	3.999878	-5.414918	-0.186787	-0.559648
0.667969	0.603516	3.999878	-5.631373	-0.148575	-0.641293
0.714844	0.532715	3.967285	-5.816736	-0.119620	-0.669062
0.771484	0.454102	3.762695	-5.982874	-0.117958	-0.652923
0.786621	0.358887	3.641113	-6.126702	-0.104430	-0.615423
0.770508	0.294434	3.468750	-6.282160	-0.089952	-0.601895
0.734863	0.218262	3.284668	-6.408900	-0.075712	-0.605218
0.710449	0.153320	3.025879	-6.485798	-0.002848	-0.643430
0.696289	0.079102	2.819824	-6.489358	0.112737	-0.722227
0.710938	-0.000977	2.611816	-6.409849	0.134809	-0.789868
0.740234	-0.074707	2.410645	-6.208110	0.060996	-0.856324
0.844727	-0.145020	2.227051	-5.989520	-0.026819	-0.904741
0.923340	-0.245117	2.038086	-5.668635	-0.122705	-0.901893
0.986816	-0.356934	1.865723	-5.264682	-0.293827	-0.835912
1.026855	-0.460449	1.729980	-4.796885	-0.389238	-0.740264
0.979492	-0.581055	1.650879	-4.259546	-0.359333	-0.652923
0.986816	-0.665039	1.587891	-3.715562	-0.243748	-0.600471
0.974609	-0.701660	1.563965	-3.184157	-0.102768	-0.557987
0.971680	-0.729004	1.537598	-2.649430	0.041297	-0.547069
0.969727	-0.753906	1.555664	-2.127756	0.194619	-0.532117
0.987793	-0.760742	1.706543	-1.671825	0.311628	-0.539949
1.029297	-0.787109	1.804688	-1.263600	0.330140	-0.498889
1.002441	-0.856445	1.963379	-0.943902	0.338447	-0.443826
0.971191	-0.876953	2.095215	-0.694220	0.293353	-0.394222
0.951172	-0.888672	2.177734	-0.507196	0.180616	-0.358384
0.931152	-0.879395	2.263184	-0.338210	0.098971	-0.361232
0.998047	-0.871582	2.354492	-0.201265	0.040111	-0.365029
1.036133	-0.893555	2.412109	-0.070965	0.000949	-0.325868
1.078613	-0.896484	2.495605	0.052927	-0.023971	-0.260600
1.116211	-0.898926	2.558105	0.145015	-0.054114	-0.172072
1.108398	-0.908691	2.656738	0.222388	-0.094699	-0.091851
1.090332	-0.927734	2.724121	0.279824	-0.104192	-0.040111
1.070801	-0.961426	2.787109	0.334175	-0.113449	-0.037025
1.075684	-0.983887	2.834473	0.385441	-0.069066	-0.024921
1.070312	-0.980469	2.859375	0.438368	-0.066218	0.007358
1.090332	-0.976562	2.908203	0.496991	0.013766	0.036550
1.141113	-0.976074	2.936523	0.562496	0.104430	0.083544
1.114746	-0.965820	3.001465	0.629189	0.213132	0.163053
1.098633	-0.959961	3.106445	0.641056	0.169936	0.215505
1.059082	-0.968262	3.181641	0.652211	0.052690	0.255141
1.024414	-0.996582	3.208008	0.636309	-0.074288	0.270805
0.978027	-1.023438	3.269043	0.574363	-0.215980	0.258226
0.997559	-0.999023	3.184082	0.598572	-0.141692	0.291691
0.980469	-0.972656	3.083984	0.940105	0.299286	0.379744
0.876465	-0.966797	3.187988	1.205214	0.497940	0.302372
0.855957	-0.980469	3.367188	1.308457	0.450235	0.135521
0.898926	-1.003418	3.437500	1.337887	0.380219	-0.047231
0.956055	-1.033691	3.537598	1.184803	0.367877	-0.134097
1.014160	-1.046875	3.577637	1.028158	0.475155	-0.112262
0.981934	-1.065430	3.637695	0.903080	0.563920	-0.036788
0.952148	-1.046387	3.676758	0.782511	0.564395	0.040585
0.924805	-1.048340	3.735840	0.621832	0.456168	0.098496
0.918457	-1.023438	3.713867	0.448098	0.328479	0.137183
0.936523	-0.960449	3.647949	0.285520	0.219302	0.188211
0.923828	-0.937012	3.559082	0.168512	0.165189	0.246359
0.890137	-0.924316	3.525391	0.155695	0.125553	0.275077
0.856934	-0.907227	3.480469	0.167800	0.061946	0.262261
0.859863	-0.929688	3.425293	0.222863	0.030142	0.221913
0.907227	-0.954102	3.425293	0.303558	0.056012	0.199603
0.925781	-0.935547	3.412598	0.355773	0.037025	0.215030
0.947266	-0.940430	3.415527	0.398969	-0.005459	0.240663
0.950195	-0.909180	3.391602	0.450235	0.001899	0.284571
0.981934	-0.899902	3.413086	0.467798	-0.032041	0.336311
0.977539	-0.907715	3.420410	0.478003	-0.090901	0.407276
0.969238	-0.893066	3.452637	0.466374	-0.116297	0.507908
0.971191	-0.882812	3.490234	0.483462	-0.102056	0.620170
0.962891	-0.866699	3.513184	0.461390	-0.099683	0.733144
0.928223	-0.873535	3.577637	0.404903	-0.132911	0.838286
0.844238	-0.857422	3.605957	0.316375	-0.233780	0.907115
0.771484	-0.824219	3.650391	0.206011	-0.406327	0.922304
0.729980	-0.830566	3.588379	0.097310	-0.490345	0.883143
0.688477	-0.869629	3.521484	0.004509	-0.491532	0.773729
0.654785	-0.875000	3.424316	-0.037025	-0.478953	0.664553
0.671875	-0.911621	3.354492	0.002373	-0.435519	0.561784
0.697266	-0.911621	3.337402	0.087579	-0.363605	0.475867
0.720703	-0.885742	3.379883	0.181803	-0.252530	0.418906
0.726074	-0.833008	3.456543	0.201502	-0.254666	0.415583
0.727051	-0.812500	3.504883	0.185837	-0.319935	0.432909
0.792969	-0.808594	3.492188	0.140743	-0.336549	0.447624
0.861816	-0.811035	3.461914	0.120806	-0.317561	0.467560
0.885742	-0.821289	3.440918	0.150236	-0.327292	0.491294
0.895508	-0.838867	3.444824	0.209571	-0.299286	0.534490
0.881348	-0.869629	3.488281	0.233305	-0.303558	0.581246
0.867676	-0.830566	3.553223	0.220726	-0.369776	0.636072
0.846680	-0.836426	3.586426	0.140980	-0.569617	0.678556
0.828613	-0.837402	3.598145	0.059335	-0.668825	0.706562
0.892090	-0.777832	3.577148	-0.072626	-0.603794	0.730771
0.859375	-0.855469	3.784668	-0.089952	-0.844457	0.639395
0.937988	-0.916992	3.862305	-0.129825	-1.204739	0.568193
1.000488	-0.842285	3.883301	-0.386865	-1.225625	0.617559
0.949707	-0.841797	3.854004	-0.778001	-1.238679	0.739552
0.919922	-0.895508	3.768066	-1.137335	-1.362808	0.791530
0.869141	-0.866699	3.604492	-1.488124	-1.465576	0.798650
0.850098	-0.584961	3.381836	-1.816128	-1.616525	0.835675
0.682617	-0.366211	3.419922	-2.217708	-1.984639	1.010595
0.499023	-0.622559	3.392578	-2.592705	-2.881786	0.992082
0.573730	-2.358398	2.945801	-1.614389	-1.938595	-1.250309
0.788086	-1.666016	3.430664	-0.159967	-1.563123	-4.265954
0.968262	-0.544434	3.309082	0.446437	-2.685743	-4.354008
1.176270	-0.164551	3.397949	0.386865	-3.560579	-3.437162
1.819336	-0.525879	3.065918	-0.110601	-2.939222	-1.968500
2.050781	-1.623535	2.601074	-0.293353	-0.095885	-1.227999
2.045898	-1.779297	2.897949	0.085205	1.695559	-0.649363
2.068359	-1.137695	3.296387	0.652448	1.496905	0.416295
output[0] = 0
output[1] = 0
output[2] = 0
output[3] = 0
output[4] = 100
output[5] = 0
output[6] = 0
output[7] = 0
output[8] = 0
output[9] = 0
output[10] = 0
output[11] = 0
output[12] = 0
Action Type: 4