0.406250	0.403320	3.999878	-2.537642	1.455608	-1.688913
0.421875	0.412109	3.999878	-2.654888	1.467238	-1.667078
0.464355	0.405273	3.999878	-2.755521	1.334090	-1.627680
0.523438	0.359375	3.999878	-2.830045	1.133300	-1.560987
0.578613	0.331055	3.999878	-2.844286	0.876735	-1.487174
0.645508	0.303223	3.999878	-2.792783	0.638208	-1.395324
0.722656	0.314941	3.999878	-2.743654	0.420092	-1.286384
0.777832	0.331543	3.999878	-2.711613	0.211233	-1.129977
0.822266	0.357910	3.999878	-2.722530	0.041535	-0.944377
0.848633	0.377441	3.999878	-2.739144	-0.073575	-0.761625
0.883301	0.397949	3.999878	-2.798717	-0.134097	-0.553478
0.903809	0.418945	3.999878	-2.865884	-0.170410	-0.337261
0.884277	0.426270	3.999878	-2.931153	-0.198654	-0.109414
0.876465	0.437500	3.999878	-2.991674	-0.254191	0.105379
0.861816	0.398926	3.999878	-2.991674	-0.319697	0.324444
0.848633	0.363770	3.999878	-3.108446	-0.364080	0.515503
0.829590	0.357910	3.999878	-3.269362	-0.352450	0.662654
0.818848	0.332520	3.999878	-3.472051	-0.288606	0.732432
0.813965	0.348145	3.999878	-3.668569	-0.175632	0.803872
0.809082	0.340332	3.865723	-3.847761	-0.057199	0.862732
0.823242	0.302246	3.725098	-3.975687	0.092800	0.935121
0.855469	0.249512	3.557129	-4.041668	0.274365	1.031244
0.871094	0.177246	3.432129	-4.043329	0.436943	1.162967
0.855957	0.140625	3.352539	-4.013424	0.518826	1.326732
0.790527	0.131836	3.242676	-3.950054	0.541848	1.483139
0.739746	0.113281	3.105469	-3.875530	0.542323	1.623645
0.692383	0.092285	3.047363	-3.712477	0.514791	1.734008
0.666992	0.041992	2.964844	-3.607810	0.461390	1.832979
0.677734	-0.006348	2.892090	-3.488427	0.365979	1.953785
0.702637	-0.055664	2.779785	-3.362163	0.326818	2.091680
0.734375	-0.091309	2.715332	-3.227828	0.342245	2.273008
0.732422	-0.126465	2.671875	-3.083288	0.360283	2.504177
0.694824	-0.136719	2.612793	-2.940646	0.319697	2.766913
0.640625	-0.171387	2.557617	-2.772846	0.255615	3.020867
0.558594	-0.213867	2.495117	-2.591756	0.154034	3.289536
0.449707	-0.260742	2.430176	-2.393814	0.089715	3.524266
0.334961	-0.274902	2.399902	-2.131790	0.013766	3.706306
0.223145	-0.250977	2.362793	-1.954497	-0.054826	3.827112
0.131836	-0.245117	2.341797	-1.801413	-0.128401	3.904960
0.089844	-0.270996	2.265625	-1.675860	-0.145964	3.961447
0.073730	-0.308594	2.200684	-1.534405	-0.107990	4.001320
0.053711	-0.369141	2.120117	-1.337887	0.020649	4.089848
-0.003906	-0.386230	2.119629	-1.109329	0.169461	4.199262
-0.145996	-0.391113	2.116211	-0.838286	0.292641	4.307489
-0.309082	-0.399902	2.177246	-0.604506	0.337973	4.366349
-0.451172	-0.435059	2.267578	-0.408463	0.267245	4.342378
-0.583496	-0.465820	2.339844	-0.229508	0.091613	4.266666
-0.690430	-0.495605	2.353516	-0.040585	-0.118670	4.157252
-0.780273	-0.553711	2.332031	0.106328	-0.243986	4.007016
-0.846191	-0.585938	2.304688	0.268432	-0.334412	3.835182
-0.856445	-0.620117	2.273438	0.468272	-0.314001	3.693015
-0.882812	-0.641113	2.263672	0.662179	-0.264634	3.575531
-0.922852	-0.648926	2.270020	0.864393	-0.182277	3.483443
-0.985352	-0.672363	2.280762	1.082509	-0.064319	3.381150
-1.042969	-0.663086	2.325684	1.293505	0.012342	3.255122
-1.099609	-0.668457	2.397949	1.480529	0.035126	3.096816
-1.155762	-0.657227	2.427734	1.674673	0.037500	2.970314
-1.216309	-0.623047	2.500488	1.873090	-0.029905	2.862324
-1.306152	-0.570312	2.558594	2.082898	-0.185837	2.775695
-1.374023	-0.529785	2.612305	2.336853	-0.408225	2.677198
-1.445801	-0.548828	2.647949	2.619287	-0.596673	2.567310
-1.538086	-0.580566	2.736816	2.918099	-0.783223	2.419447
-1.615723	-0.590820	2.802246	3.166594	-0.967874	2.217233
-1.667480	-0.575684	2.906250	3.352906	-1.080136	1.969687
-1.665039	-0.529297	2.995117	3.493886	-1.033854	1.690575
-1.645996	-0.504883	3.135254	3.590484	-0.845881	1.413361
-1.593750	-0.458984	3.262695	3.673553	-0.639632	1.217793
-1.606445	-0.393555	3.383301	3.664771	-0.456168	1.047145
-1.623535	-0.327637	3.480469	3.678774	-0.306169	0.890975
-1.656738	-0.274414	3.556641	3.699423	-0.191296	0.753081
-1.720703	-0.248535	3.645996	3.734075	-0.139556	0.603082
-1.811523	-0.243164	3.752930	3.777033	-0.217404	0.402529
-1.871582	-0.211426	3.864746	3.805752	-0.435994	0.165426
-1.885254	-0.157227	3.961426	3.906146	-0.759252	-0.114635
-1.835938	-0.125000	3.999878	3.999184	-1.107430	-0.412972
-1.742676	-0.109863	3.999878	4.008440	-1.375387	-0.705375
-1.570801	-0.072266	3.999878	3.963108	-1.468899	-0.955532
-1.465332	-0.032227	3.999878	3.961209	-1.386067	-1.114550
-1.395996	0.062012	3.999878	3.979485	-1.233932	-1.186701
-1.377930	0.144043	3.999878	3.984706	-1.046908	-1.241764
-1.396484	0.216309	3.999878	3.898789	-0.858460	-1.293267
-1.442383	0.246094	3.999878	3.778695	-0.701341	-1.379659
-1.473145	0.228516	3.999878	3.590009	-0.629901	-1.508060
-1.479004	0.204590	3.999878	3.473475	-0.657907	-1.677996
-1.467285	0.173340	3.999878	3.349583	-0.729109	-1.850305
-1.428711	0.140625	3.999878	3.206467	-0.830216	-2.026411
-1.368652	0.121582	3.999878	3.033446	-0.890263	-2.225540
-1.297363	0.136230	3.999878	2.875378	-0.809568	-2.434162
-1.195801	0.200195	3.999878	2.681945	-0.668825	-2.607658
-1.130371	0.279785	3.999878	2.496583	-0.465187	-2.736771
-1.066406	0.383789	3.999878	2.317628	-0.188448	-2.798717
-1.037109	0.421875	3.999878	2.146743	0.073338	-2.846185
-1.039551	0.433594	3.999878	1.962092	0.285046	-2.866596
-1.064453	0.397949	3.999878	1.821112	0.439554	-2.937086
-1.097168	0.350586	3.999878	1.603471	0.561310	-3.074981
-1.117188	0.306152	3.999878	1.403393	0.531880	-3.281229
-1.083008	0.312012	3.999878	1.205689	0.301897	-3.529013
-0.959961	0.326660	3.999878	1.023886	-0.111075	-3.756859
-0.747559	0.379395	3.999878	0.858697	-0.581721	-3.898077
-0.500977	0.431152	3.999878	0.694932	-0.838049	-3.957887
-0.270996	0.480469	3.999878	0.472307	-0.824045	-3.920624
-0.077637	0.533691	3.999878	0.259176	-0.710359	-3.766353
0.042969	0.571289	3.999878	0.041297	-0.525234	-3.539218
0.118164	0.548340	3.999878	-0.100870	-0.279587	-3.280992
0.095703	0.473633	3.999878	-0.119620	-0.136471	-3.049348
0.001465	0.427246	3.999878	-0.176581	-0.200790	-2.893890
-0.078125	0.392090	3.999878	-0.342719	-0.372150	-2.871817
-0.074219	0.401855	3.999878	-0.626104	-0.578398	-2.924507
0.019531	0.426270	3.999878	-0.972383	-0.746198	-2.985741
0.146484	0.460449	3.999878	-1.306321	-0.748097	-2.994048
0.238281	0.498535	3.999878	-1.637885	-0.674996	-2.975772
0.331055	0.541504	3.999878	-1.925067	-0.651736	-2.894840
0.415527	0.541992	3.999878	-2.122772	-0.705850	-2.758606
0.477051	0.527832	3.999878	-2.218657	-0.828318	-2.562088
0.557617	0.521973	3.999878	-2.276805	-0.945564	-2.342549
0.619141	0.499512	3.999878	-2.338751	-0.964314	-2.124196
0.701172	0.440918	3.973145	-2.385270	-0.826419	-1.891127
0.751953	0.377930	3.836426	-2.391915	-0.612813	-1.654737
0.790039	0.324219	3.709961	-2.361773	-0.393748	-1.385355
0.774902	0.262207	3.639160	-2.309796	-0.258464	-1.086306
0.713867	0.226562	3.604980	-2.191838	-0.223575	-0.766609
0.625488	0.179199	3.563477	-2.025225	-0.294065	-0.468272
0.503418	0.137695	3.541016	-1.883533	-0.429349	-0.220014
0.390625	0.083496	3.497559	-1.780764	-0.553715	-0.049604
0.334961	0.015137	3.404785	-1.719293	-0.568430	0.069778
0.287109	-0.033691	3.323730	-1.641208	-0.491532	0.159967
0.238281	-0.078613	3.258789	-1.569769	-0.344855	0.230220
0.175293	-0.115723	3.190918	-1.480054	-0.164002	0.282910
0.134277	-0.167480	3.159668	-1.409801	0.064794	0.315188
0.095215	-0.221191	3.182617	-1.360909	0.299761	0.360045
0.017090	-0.255859	3.223145	-1.293505	0.472070	0.407276
-0.048340	-0.277344	3.236816	-1.203790	0.551341	0.445250
-0.125488	-0.289551	3.273438	-1.157746	0.569617	0.471358
-0.189941	-0.312988	3.309570	-1.099598	0.511231	0.493430
-0.257324	-0.343262	3.334961	-1.024835	0.403241	0.498177
-0.312500	-0.382812	3.311035	-0.914472	0.278875	0.486785
-0.369629	-0.418457	3.323730	-0.749521	0.109889	0.452133
-0.398438	-0.410645	3.350098	-0.564870	-0.095648	0.396833
-0.397461	-0.408691	3.389160	-0.363131	-0.304033	0.342245
-0.382324	-0.391602	3.450195	-0.204587	-0.447386	0.305457
-0.396973	-0.380371	3.533691	-0.131961	-0.529269	0.255853
-0.366699	-0.381348	3.531250	-0.131961	-0.562496	0.203875
-0.307129	-0.388184	3.522461	-0.085917	-0.532354	0.160442
-0.259766	-0.408203	3.525391	0.046519	-0.461864	0.150236
-0.244141	-0.404297	3.632324	0.191059	-0.393510	0.167325
-0.237793	-0.368652	3.753418	0.306406	-0.382830	0.187499
-0.261230	-0.332031	3.840820	0.319697	-0.411785	0.181565
-0.246094	-0.337402	3.895996	0.277213	-0.414396	0.152372
-0.224609	-0.342773	3.919922	0.248970	-0.384966	0.141692
-0.189941	-0.354492	3.900879	0.228084	-0.356010	0.124604
output[0] = 100
output[1] = 0
output[2] = 0
output[3] = 0
output[4] = 0
output[5] = 0
output[6] = 0
output[7] = 0
output[8] = 0
output[9] = 0
output[10] = 0
output[11] = 0
output[12] = 0
Action Type: 0