-1.379395	-0.467773	3.999878	0.781562	1.566683	0.363131
-1.479004	-0.493164	3.999878	0.543984	1.635037	0.300235
-1.611816	-0.465332	3.999878	0.273416	1.769847	0.166613
-1.789551	-0.423828	3.999878	-0.084018	1.607980	0.005934
-1.798340	-0.381348	3.999878	-0.501737	1.495006	-0.217404
-1.814453	-0.342773	3.999878	-0.758302	1.424279	-0.431722
-1.760742	-0.331543	3.999878	-0.937019	1.361621	-0.607354
-1.705566	-0.307129	3.999878	-1.099835	1.358773	-0.741214
-1.687500	-0.288574	3.999878	-1.274043	1.344295	-0.840659
-1.675781	-0.245605	3.999878	-1.464390	1.305846	-0.913048
-1.645508	-0.233398	3.999878	-1.714072	1.246511	-1.006323
-1.618164	-0.204102	3.999878	-2.013120	1.250309	-1.085357
-1.638672	-0.221680	3.999878	-2.290097	1.235594	-1.182429
-1.646973	-0.238281	3.999878	-2.533133	1.197144	-1.307982
-1.628418	-0.268066	3.999878	-2.724666	1.152050	-1.427364
-1.568848	-0.284180	3.999878	-2.907893	1.160357	-1.530133
-1.494629	-0.296387	3.999878	-3.111057	1.175784	-1.585670
-1.443848	-0.283203	3.999878	-3.369283	1.245087	-1.616762
-1.437500	-0.254395	3.999878	-3.663347	1.299438	-1.627442
-1.484375	-0.257812	3.999878	-3.960497	1.397222	-1.645005
-1.579102	-0.281250	3.980957	-4.221809	1.509009	-1.690100
-1.710938	-0.337402	3.888184	-4.380589	1.514468	-1.738755
-1.849609	-0.392578	3.810059	-4.470541	1.381558	-1.756555
-1.920410	-0.437500	3.719727	-4.479323	1.108854	-1.768660
-2.027832	-0.504395	3.566406	-4.420463	0.707037	-1.829419
-2.110352	-0.603516	3.313965	-4.245306	0.270805	-1.993184
-2.105469	-0.678223	3.125488	-4.009864	-0.187261	-2.234321
-2.085449	-0.734863	2.996582	-3.719122	-0.638445	-2.523165
-2.101562	-0.781738	2.933594	-3.480121	-0.992082	-2.843337
-2.048340	-0.835938	2.866699	-3.269600	-1.259090	-3.176800
-1.915039	-0.817871	2.857910	-3.125060	-1.406953	-3.468728
-1.769043	-0.770508	2.855469	-3.152828	-1.455133	-3.696812
-1.673828	-0.715332	2.759766	-3.283365	-1.472696	-3.846811
-1.601562	-0.690918	2.511230	-3.432652	-1.430450	-3.985181
-1.495117	-0.671387	2.252441	-3.462083	-1.255293	-4.121414
-1.395020	-0.675781	2.043945	-3.364061	-1.020563	-4.251714
-1.335938	-0.698242	1.877441	-3.141911	-0.745011	-4.343327
-1.284668	-0.748535	1.730957	-2.827198	-0.489633	-4.441586
-1.233887	-0.807129	1.621582	-2.450064	-0.307830	-4.587550
-1.209473	-0.794434	1.599609	-2.090019	-0.309966	-4.740397
-1.076660	-0.774902	1.469727	-1.783375	-0.321833	-4.895855
-1.020508	-0.843750	1.341797	-1.378710	0.019699	-5.112072
-1.016113	-0.895508	1.276367	-0.932747	0.379744	-5.362704
-0.991699	-0.886230	1.321289	-0.367640	0.435757	-5.616658
-0.871094	-0.784668	1.402344	0.182989	0.310678	-5.850913
-0.648926	-0.674316	1.467285	0.702527	0.069778	-6.004947
-0.411621	-0.578125	1.481445	1.163205	-0.094224	-6.027731
-0.231445	-0.537109	1.474121	1.594689	-0.134572	-5.970769
-0.156250	-0.469727	1.371094	2.074354	-0.151660	-5.918555
0.005371	-0.399902	1.377930	2.589382	-0.192008	-5.870612
0.187500	-0.304688	1.341309	3.090171	-0.065269	-5.761910
0.322754	-0.208008	1.342773	3.577905	0.205774	-5.667212
0.463379	-0.174316	1.411621	4.041905	0.579822	-5.602180
0.693359	-0.081543	1.546875	4.431380	1.002525	-5.475203
0.900391	0.018555	1.810547	4.684385	1.469374	-5.208195
1.081055	0.064453	2.073730	4.734701	1.804024	-4.818957
1.176758	0.056641	2.369629	4.809938	1.860985	-4.382488
1.259277	0.051270	2.590820	4.852422	1.624120	-3.838742
1.314453	0.049316	2.689453	4.974178	1.206638	-3.285027
1.373535	0.063965	2.751465	5.190157	0.674758	-2.723954
1.477051	0.085938	2.746582	5.425836	0.155221	-2.101648
1.584473	0.107422	2.745117	5.738888	-0.207198	-1.338599
1.640625	0.126465	2.760742	6.113173	-0.342719	-0.521674
1.619141	0.173340	2.754395	6.434770	-0.236154	0.248021
1.392578	0.211426	2.805664	6.714831	0.011867	1.000389
1.051758	0.241699	2.986328	6.964276	0.124841	1.595401
0.782227	0.251953	3.120605	7.155097	0.060996	1.949276
0.645996	0.244141	3.217285	7.316726	-0.005459	2.260666
0.518066	0.222656	3.368164	7.344258	0.158781	2.413513
0.425781	0.184082	3.642578	7.132313	0.440978	2.410903
0.363281	0.145996	3.878418	6.796239	0.625866	2.348245
0.344238	0.161133	3.999878	6.419580	0.725312	2.294606
0.327148	0.199219	3.999878	6.006133	0.685913	2.253783
0.354004	0.249023	3.999878	5.615471	0.608303	2.240492
0.375000	0.274902	3.999878	5.280821	0.614237	2.273483
0.396973	0.305176	3.999878	5.010491	0.706087	2.321900
0.393555	0.339844	3.999878	4.827739	0.805296	2.357264
0.375488	0.401367	3.999878	4.717138	0.838998	2.361536
0.360840	0.490723	3.999878	4.732565	0.794853	2.406631
0.361816	0.609375	3.999878	4.886362	0.665977	2.538592
0.339844	0.689453	3.999878	5.086677	0.430061	2.718258
0.311035	0.748535	3.999878	5.295062	0.073575	2.894602
0.295410	0.770996	3.999878	5.439127	-0.214081	3.056705
0.254395	0.786621	3.999878	5.465709	-0.320172	3.135265
0.200684	0.808594	3.999878	5.335410	-0.287894	3.130044
0.158691	0.831543	3.999878	5.081218	-0.182515	3.028699
0.152344	0.848633	3.999878	4.785017	-0.013291	2.901722
0.117676	0.895508	3.999878	4.447757	0.224999	2.737957
0.169922	0.954102	3.999878	4.043092	0.437655	2.563275
0.261230	0.985352	3.999878	3.588822	0.647464	2.451488
0.360352	1.024902	3.999878	3.061927	0.881482	2.410191
0.450684	1.061035	3.999878	2.594367	1.040974	2.476408
0.476562	1.085449	3.999878	2.327833	1.051655	2.635664
0.446289	1.148926	3.999878	2.110667	0.870564	2.933289
0.377930	1.176758	3.999878	1.998880	0.659331	3.247764
0.261230	1.193848	3.999878	1.950700	0.406089	3.534472
0.131348	1.206543	3.999878	1.987725	0.051978	3.714138
0.085449	1.221680	3.999878	2.106870	-0.398020	3.833758
0.102051	1.212891	3.999878	2.178546	-0.841846	3.941510
0.096680	1.245117	3.999878	2.192549	-1.244375	4.067063
0.082031	1.260254	3.999878	2.094291	-1.488836	4.199974
0.035645	1.267090	3.999878	1.872615	-1.531319	4.316033
-0.014648	1.282715	3.999878	1.567870	-1.419058	4.384862
-0.098633	1.261230	3.999878	1.198094	-1.197856	4.413580
-0.130859	1.251465	3.999878	0.727685	-0.898333	4.393881
-0.140137	1.251953	3.999878	0.178005	-0.543747	4.340004
-0.099609	1.255371	3.999878	-0.465899	-0.168512	4.277109
-0.092773	1.246582	3.999878	-1.192160	0.190584	4.239135
-0.106934	1.270996	3.999878	-1.886855	0.442402	4.203771
-0.153809	1.266602	3.999878	-2.405918	0.566531	4.192379
-0.219727	1.229492	3.999878	-2.754571	0.553952	4.188581
-0.291992	1.159180	3.999878	-2.944918	0.412023	4.176714
-0.322266	1.108887	3.999878	-3.131943	0.134335	4.186445
-0.309082	1.038086	3.999878	-3.305438	-0.039161	4.187157
-0.280762	1.030762	3.999878	-3.574345	-0.070490	4.187870
-0.286621	0.967285	3.999878	-3.951241	-0.038212	4.223470
-0.296387	0.913574	3.999878	-4.297995	0.140268	4.212316
-0.332520	0.859375	3.999878	-4.569750	0.327292	4.169119
-0.457031	0.790039	3.999878	-4.722122	0.412260	4.057570
-0.552246	0.617676	3.999878	-4.732090	0.431959	3.857017
-0.661621	0.483887	3.936523	-4.562155	0.408700	3.563664
-0.743652	0.447754	3.784668	-4.259309	0.303796	3.251562
-0.713867	0.431641	3.747070	-3.880039	0.107278	2.981469
-0.698242	0.390625	3.706055	-3.498396	-0.033702	2.821976
-0.681152	0.333496	3.692871	-3.118177	-0.187499	2.704255
-0.733398	0.288574	3.780762	-2.773321	-0.407988	2.620237
-0.740234	0.235840	3.888184	-2.542389	-0.735755	2.545712
-0.728516	0.146484	3.922852	-2.386931	-1.023411	2.466203
-0.757812	0.097168	3.903320	-2.302438	-1.169850	2.353941
-0.819824	-0.012695	3.860840	-2.242866	-1.284248	2.150778
-0.830566	-0.121094	3.803711	-2.238594	-1.357349	1.890178
-0.842285	-0.229980	3.728516	-2.250935	-1.379422	1.560987
-0.830566	-0.286133	3.622070	-2.275619	-1.389153	1.182429
-0.770508	-0.300293	3.534180	-2.331631	-1.331716	0.855137
-0.687988	-0.303711	3.432129	-2.321663	-1.256717	0.534965
-0.575195	-0.335449	3.274902	-2.273008	-1.109329	0.283622
-0.461914	-0.335938	3.148438	-2.140572	-0.888127	0.124129
-0.346680	-0.347168	3.093750	-1.967076	-0.653160	0.025870
-0.256348	-0.344727	3.084961	-1.797853	-0.432197	-0.005934
-0.190430	-0.374512	3.052734	-1.637173	-0.257989	-0.026107
-0.182617	-0.403809	3.049805	-1.441130	-0.090189	-0.023022
-0.179688	-0.436523	3.090820	-1.224676	0.003085	-0.040348
-0.181152	-0.486328	3.132324	-1.034092	0.037262	-0.087816
-0.182617	-0.519531	3.157715	-0.876023	0.070015	-0.159967
-0.155273	-0.520020	3.184570	-0.748334	0.140980	-0.251581
-0.142090	-0.534180	3.201660	-0.641293	0.222388	-0.350789
-0.127441	-0.572754	3.240234	-0.538288	0.317324	-0.452133
-0.117188	-0.590332	3.243164	-0.427450	0.420330	-0.561072
-0.097168	-0.580078	3.273438	-0.328004	0.500313	-0.681167
-0.025879	-0.569824	3.320312	-0.241850	0.553715	-0.779663
output[0] = 0
output[1] = 0
output[2] = 0
output[3] = 0
output[4] = 0
output[5] = 0
output[6] = 0
output[7] = 0
output[8] = 0
output[9] = 0
output[10] = 0
output[11] = 100
output[12] = 0
Action Type: 11