-0.704590	-0.451172	3.999878	-0.336549	0.278875	1.764150
-0.760742	-0.454102	3.999878	-0.340109	0.303796	1.728787
-0.812988	-0.447754	3.999878	-0.311628	0.315425	1.708613
-0.871094	-0.437988	3.999878	-0.306881	0.334887	1.653312
-0.950684	-0.408203	3.999878	-0.307356	0.360283	1.593265
-1.037598	-0.360840	3.999878	-0.350314	0.389475	1.486462
-1.120117	-0.337891	3.999878	-0.404428	0.393748	1.310118
-1.162598	-0.327148	3.999878	-0.487972	0.381168	1.078712
-1.227051	-0.307617	3.999878	-0.588129	0.333226	0.792242
-1.273438	-0.282715	3.999878	-0.703002	0.256565	0.496753
-1.276855	-0.285645	3.999878	-0.778239	0.182752	0.182752
-1.266113	-0.302246	3.992676	-0.840422	0.159255	-0.109414
-1.222656	-0.306641	3.920410	-0.885279	0.243036	-0.388051
-1.198730	-0.326172	3.838867	-0.874599	0.412972	-0.650075
-1.172363	-0.323730	3.752930	-0.793903	0.648888	-0.871039
-1.187988	-0.296387	3.697266	-0.675708	0.821909	-1.054740
-1.225586	-0.267090	3.737793	-0.538288	0.811229	-1.234407
-1.284180	-0.202148	3.814453	-0.472307	0.623018	-1.429738
-1.340332	-0.175293	3.893555	-0.539949	0.402054	-1.668265
-1.342285	-0.145508	3.953613	-0.701815	0.197467	-1.954023
-1.329590	-0.135742	3.925293	-0.921118	0.034177	-2.249748
-1.285645	-0.103516	3.885742	-1.139945	-0.067405	-2.554731
-1.183105	-0.115234	3.787598	-1.305609	-0.146914	-2.817704
-1.063965	-0.129395	3.652344	-1.413361	-0.146914	-3.025139
-0.934082	-0.137695	3.554199	-1.409327	-0.123892	-3.156863
-0.862793	-0.120605	3.478027	-1.395086	-0.126265	-3.246341
-0.787109	-0.107422	3.409668	-1.368267	-0.181091	-3.314457
-0.719238	-0.126953	3.336914	-1.347143	-0.298337	-3.345786
-0.672852	-0.123047	3.322754	-1.357824	-0.452845	-3.344599
-0.642090	-0.119629	3.308105	-1.359722	-0.629189	-3.323001
-0.562012	-0.150391	3.228027	-1.356637	-0.854425	-3.280280
-0.484863	-0.164551	3.135254	-1.316527	-1.062572	-3.201246
-0.397461	-0.196777	3.038086	-1.227524	-1.181480	-3.124585
-0.349609	-0.239746	2.961426	-1.092715	-1.210198	-3.076880
-0.323242	-0.267578	2.893555	-0.909013	-1.195008	-3.089221
-0.292969	-0.289551	2.883789	-0.715581	-1.124281	-3.160898
-0.231445	-0.325684	2.903809	-0.510044	-1.012731	-3.227591
-0.119629	-0.341309	2.875000	-0.254191	-0.812890	-3.289536
-0.001465	-0.375000	2.879883	0.003560	-0.613050	-3.300691
0.087402	-0.395020	2.924805	0.183464	-0.429823	-3.234948
0.197266	-0.406738	2.944336	0.285995	-0.359808	-3.113430
0.272461	-0.423340	2.972168	0.295014	-0.383067	-2.924507
0.297363	-0.413086	2.945312	0.214556	-0.519301	-2.658923
0.304199	-0.374512	2.899902	0.105616	-0.734806	-2.396662
0.265137	-0.359375	2.854492	0.052452	-1.014867	-2.214622
0.261719	-0.359375	2.836426	0.090427	-1.305372	-2.136300
0.312500	-0.330078	2.809570	0.200078	-1.417159	-2.121585
0.368164	-0.341797	2.791016	0.374760	-1.342634	-2.200145
0.461914	-0.377441	2.782227	0.601895	-1.135911	-2.303387
0.524414	-0.455566	2.739746	0.904266	-0.849678	-2.360349
0.570801	-0.495117	2.738770	1.247223	-0.570566	-2.405206
0.555664	-0.474609	2.812988	1.566446	-0.398494	-2.417785
0.561523	-0.458984	2.902344	1.798802	-0.299049	-2.414463
0.537109	-0.501465	3.009277	1.986538	-0.295251	-2.421820
0.576660	-0.502441	2.960449	2.159796	-0.363131	-2.517943
0.692871	-0.507324	2.938965	2.432975	-0.391137	-2.531709
0.717773	-0.516602	3.020996	2.697135	-0.205062	-2.611218
0.711914	-0.544922	3.185547	2.820789	-0.068591	-2.696423
0.790039	-0.540039	3.315918	2.917624	-0.060284	-2.721818
0.912598	-0.525879	3.289062	3.052671	-0.087104	-2.698084
1.025391	-0.522949	3.297852	3.168730	0.097072	-2.657262
1.115234	-0.490723	3.318848	3.323001	0.420092	-2.543339
1.165527	-0.444336	3.393555	3.468728	0.551579	-2.373166
1.180176	-0.418945	3.489746	3.591196	0.431247	-2.136300
1.251953	-0.425781	3.550293	3.715562	0.194144	-1.912013
1.353027	-0.407715	3.624512	3.849422	-0.005696	-1.699831
1.490723	-0.421875	3.718750	3.994200	-0.167800	-1.445165
1.637695	-0.408203	3.831055	4.123075	-0.177056	-1.113838
1.736816	-0.396973	3.942383	4.244831	-0.031329	-0.716768
1.786621	-0.393555	3.999878	4.358992	0.189160	-0.286707
1.808594	-0.389160	3.999878	4.375368	0.422940	0.136945
1.793457	-0.382812	3.999878	4.434940	0.650075	0.548493
1.763184	-0.365723	3.999878	4.441349	0.754505	0.952209
1.790527	-0.337891	3.999878	4.349973	0.754505	1.392475
1.838379	-0.306152	3.999878	4.202347	0.669300	1.889941
1.863770	-0.236816	3.999878	3.972364	0.579110	2.449114
1.852539	-0.174316	3.999878	3.834707	0.550392	2.972687
1.773926	-0.088379	3.999878	3.642461	0.567955	3.516196
1.651855	-0.017578	3.999878	3.507415	0.661942	3.978773
1.496094	0.052734	3.999878	3.393254	0.855137	4.320068
1.369629	0.124512	3.999878	3.299030	1.047145	4.566902
1.330078	0.211426	3.999878	3.231863	1.164866	4.812786
1.265625	0.250977	3.999878	3.110819	1.149439	5.072911
1.183105	0.299805	3.999878	3.042465	0.979029	5.344191
1.083008	0.374512	3.999878	2.871817	0.720565	5.676942
0.995117	0.478516	3.999878	2.656312	0.465424	5.968634
0.892578	0.602051	3.999878	2.432975	0.247309	6.222825
0.774902	0.694824	3.999878	2.248562	0.192008	6.391336
0.672852	0.798828	3.999878	2.150303	0.402054	6.474643
0.550781	0.862305	3.999878	2.148167	0.796989	6.510244
0.462402	0.925781	3.999878	2.105446	1.102446	6.492918
0.348145	1.029297	3.999878	2.107107	1.329580	6.435719
0.218262	1.081055	3.999878	1.948564	1.280926	6.377334
0.068848	1.216309	3.999878	1.678233	1.058063	6.245135
-0.038086	1.300293	3.999878	1.347381	0.898096	6.152098
-0.137695	1.357910	3.999878	0.922304	0.936070	6.104867
-0.351074	1.356934	3.999878	0.431010	1.008459	5.987383
-0.573730	1.334961	3.999878	-0.121518	1.089629	5.769030
-0.717773	1.319824	3.999878	-0.613525	1.126892	5.431532
-0.799316	1.276367	3.999878	-0.892162	1.067557	5.072911
-0.864746	1.207031	3.999878	-1.120721	1.008222	4.640240
-0.839844	1.165039	3.999878	-1.259328	1.093189	4.241983
-0.797852	1.145996	3.999878	-1.364232	1.302761	3.808599
-0.805176	1.160156	3.999878	-1.439944	1.578788	3.426956
-0.876465	1.129395	3.999878	-1.367555	1.850305	2.941833
-0.925781	1.096680	3.999878	-1.278315	2.034481	2.481867
-0.938965	1.081055	3.999878	-1.170325	2.132740	2.096189
-0.958984	1.066406	3.999878	-1.096037	2.188277	1.753233
-0.991699	1.039062	3.999878	-1.080136	2.258768	1.500465
-1.026367	1.050781	3.999878	-1.175072	2.274907	1.262176
-1.069336	1.041504	3.999878	-1.384169	2.265888	1.078949
-1.122070	1.050293	3.999878	-1.662094	2.184005	0.879346
-1.174316	1.021484	3.999878	-1.979418	2.098563	0.625392
-1.192871	0.997559	3.999878	-2.239068	2.027598	0.372862
-1.217285	0.939941	3.999878	-2.524826	1.950462	0.079034
-1.214355	0.895508	3.999878	-2.726090	1.863596	-0.214318
-1.176270	0.841309	3.999878	-2.845473	1.779577	-0.459253
-1.211426	0.815918	3.999878	-2.936611	1.715021	-0.714632
-1.270508	0.812988	3.999878	-3.081626	1.647142	-0.955769
-1.359375	0.734375	3.999878	-3.210502	1.534880	-1.317239
-1.385254	0.657227	3.999878	-3.325849	1.484089	-1.770321
-1.306152	0.607910	3.999878	-3.403697	1.465339	-2.180682
-1.213867	0.570312	3.999878	-3.430042	1.463203	-2.481393
-1.101074	0.536621	3.999878	-3.532810	1.457032	-2.714461
-1.039062	0.483398	3.999878	-3.631781	1.420482	-2.878226
-1.002441	0.454102	3.990234	-3.734787	1.286384	-2.989301
-1.035156	0.404297	3.981934	-3.905197	1.062572	-3.102275
-1.074707	0.341797	3.976562	-4.078693	0.830928	-3.264378
-1.087891	0.272461	3.929199	-4.294672	0.561310	-3.508839
-1.001465	0.174805	3.820801	-4.483358	0.393036	-3.768252
-0.820312	0.093750	3.623047	-4.593484	0.391137	-3.950292
-0.597656	0.015625	3.403320	-4.566902	0.520250	-3.991826
-0.384277	-0.059570	3.236816	-4.317695	0.678793	-3.884311
-0.212402	-0.167969	3.124512	-3.985418	0.826894	-3.664059
-0.140137	-0.244141	3.045410	-3.586686	0.942953	-3.338903
-0.184082	-0.303711	3.056641	-3.177037	0.946276	-3.008525
-0.305176	-0.301270	3.198242	-2.868495	0.786546	-2.776644
-0.468750	-0.291504	3.330566	-2.816280	0.491769	-2.672214
-0.601074	-0.289551	3.450195	-2.873241	0.143828	-2.719920
-0.649902	-0.307617	3.461426	-3.045313	-0.191771	-2.860188
-0.631348	-0.354980	3.433105	-3.252511	-0.464475	-3.023478
-0.511719	-0.408691	3.314453	-3.380675	-0.645803	-3.104174
-0.354980	-0.407715	3.182129	-3.383049	-0.650550	-3.106547
-0.234375	-0.408691	3.096680	-3.266277	-0.597623	-3.050060
-0.191406	-0.446777	3.043945	-3.064775	-0.457117	-2.990488
-0.151855	-0.471680	2.985352	-2.828384	-0.253479	-2.970076
-0.168945	-0.511230	2.996094	-2.586060	-0.090664	-2.960583
-0.178223	-0.562500	2.994141	-2.356314	-0.007358	-3.000693
-0.130859	-0.611328	2.965332	-2.167866	0.007832	-3.050297
-0.050781	-0.633789	2.959961	-2.015494	0.007120	-3.052671
output[0] = 0
output[1] = 0
output[2] = 0
output[3] = 0
output[4] = 0
output[5] = 0
output[6] = 0
output[7] = 0
output[8] = 0
output[9] = 0
output[10] = 0
output[11] = 100
output[12] = 0
Action Type: 11