-1.155762	-0.020508	3.999878	1.038601	0.430535	-0.691372
-1.266602	-0.035156	3.999878	1.078712	0.412735	-0.740027
-1.361816	-0.052246	3.999878	1.142081	0.402054	-0.846593
-1.401367	-0.059082	3.999878	1.184328	0.441453	-1.017715
-1.408691	-0.060547	3.999878	1.163442	0.523098	-1.202841
-1.393555	-0.025391	3.999878	1.111227	0.680692	-1.393662
-1.373535	0.015137	3.999878	1.041687	0.860596	-1.570006
-1.341797	0.074707	3.999878	0.948174	1.023886	-1.698882
-1.303223	0.096680	3.999878	0.883143	1.163205	-1.819213
-1.297363	0.110352	3.999878	0.835675	1.211385	-1.890415
-1.249512	0.116699	3.999878	0.724600	1.164629	-1.953073
-1.213867	0.121094	3.999878	0.580534	1.047383	-2.017392
-1.155273	0.118652	3.999878	0.479665	0.958855	-2.056554
-1.085449	0.130371	3.999878	0.406327	0.944140	-2.071269
-1.033691	0.158203	3.999878	0.309966	0.980927	-2.083610
-1.069336	0.179199	3.999878	0.186312	0.912099	-2.083373
-1.099121	0.187012	3.999878	0.055538	0.739790	-2.140572
-1.058105	0.215820	3.999878	-0.095648	0.583382	-2.234796
-0.976562	0.209961	3.999878	-0.246597	0.517639	-2.325460
-0.870605	0.208984	3.999878	-0.403241	0.573177	-2.405206
-0.797363	0.233887	3.999878	-0.586231	0.691372	-2.461931
-0.734863	0.276855	3.999878	-0.776815	0.753555	-2.513671
-0.681641	0.292969	3.999878	-0.984013	0.716768	-2.569446
-0.587891	0.328613	3.999878	-1.194534	0.573651	-2.644920
-0.454102	0.361816	3.999878	-1.446826	0.438842	-2.724904
-0.274902	0.414551	3.999878	-1.771271	0.367640	-2.784239
-0.052246	0.441895	3.999878	-2.100224	0.352925	-2.774033
0.135742	0.485840	3.999878	-2.396425	0.346279	-2.688828
0.307617	0.559570	3.999878	-2.718733	0.401342	-2.495158
0.433105	0.544434	3.999878	-2.992149	0.497703	-2.225302
0.522461	0.557129	3.999878	-3.167069	0.419380	-1.915099
0.558594	0.538086	3.999878	-3.249663	0.285046	-1.558614
0.579590	0.519531	3.999878	-3.278619	0.140743	-1.240340
0.569824	0.454590	3.999878	-3.272211	0.003323	-0.951735
0.574707	0.389648	3.999878	-3.256546	-0.137420	-0.742638
0.609375	0.323242	3.999878	-3.279568	-0.169936	-0.576025
0.682617	0.302734	3.999878	-3.375691	-0.086867	-0.419143
0.737305	0.311035	3.999878	-3.547288	0.075000	-0.227847
0.719727	0.347656	3.996094	-3.753537	0.225473	-0.002848
0.688477	0.336426	3.895996	-3.918963	0.372150	0.202214
0.625000	0.313965	3.756348	-4.038582	0.435045	0.382118
0.561035	0.292969	3.630859	-4.103613	0.412497	0.537813
0.529785	0.275391	3.501465	-4.156303	0.305457	0.672622
0.481445	0.244629	3.358398	-4.147521	0.167325	0.774679
0.468262	0.231445	3.219727	-4.103139	0.053164	0.820723
0.484375	0.239746	3.092285	-4.104800	0.026819	0.841609
0.559082	0.244141	2.948242	-4.138028	0.114161	0.871514
0.665039	0.294434	2.824219	-4.212078	0.329666	0.960516
0.749512	0.312500	2.709961	-4.296096	0.639632	1.138996
0.822266	0.348633	2.562012	-4.320305	0.935121	1.426890
0.848145	0.384766	2.496582	-4.255986	1.141607	1.831555
0.803711	0.397949	2.408691	-4.094594	1.153948	2.237170
0.693848	0.425781	2.303223	-3.906146	1.003237	2.746739
0.554199	0.423828	2.224609	-3.692540	0.752606	3.230201
0.353027	0.430176	2.163086	-3.411292	0.315900	3.757334
0.155762	0.429199	2.068848	-3.182259	-0.126740	4.173154
-0.100098	0.374023	1.939453	-2.873954	-0.615898	4.526317
-0.345215	0.265625	1.746094	-2.507263	-1.102208	4.763657
-0.528809	0.196777	1.599121	-2.052281	-1.481003	4.889685
-0.722656	0.137695	1.439453	-1.537253	-1.773407	4.965159
-0.841797	0.078125	1.304199	-1.126180	-1.828944	4.988418
-0.914551	0.082520	1.271484	-0.637021	-1.670876	4.974178
-0.968262	0.117188	1.345703	-0.247783	-1.406004	5.000523
-1.030273	0.116699	1.452637	0.065506	-1.162255	5.046566
-1.063477	0.066895	1.526855	0.324207	-0.997541	5.104477
-1.166016	0.051758	1.632324	0.641293	-0.908539	5.162388
-1.375000	0.047852	1.702148	0.883618	-0.963127	5.252340
-1.581055	0.024902	1.776367	1.128316	-1.169376	5.245220
-1.795898	-0.000488	1.853027	1.427602	-1.505212	5.138655
-1.957031	0.039551	1.703613	1.697220	-1.666841	5.064604
-2.110840	0.071289	1.615723	2.088357	-1.635987	4.919590
-2.278809	0.103516	1.740723	2.518180	-1.426178	4.752976
-2.398438	0.065430	1.857422	2.840014	-1.377286	4.521095
-2.526367	0.057129	2.017578	3.170154	-1.243900	4.241034
-2.675781	0.082520	2.197266	3.461608	-1.043585	3.905909
-2.877441	0.168457	2.362793	3.667857	-0.806720	3.546813
-3.079590	0.167969	2.440430	3.789138	-0.609727	3.095629
-3.225098	0.124023	2.498047	3.959785	-0.252530	2.548323
-3.323242	0.130859	2.685059	4.193328	0.070727	1.994845
-3.425293	0.258789	3.011230	4.400289	0.031566	1.472222
-3.416016	0.361328	3.272949	4.493801	-0.135521	0.937969
-3.357422	0.416016	3.491699	4.506143	-0.302846	0.451896
-3.315430	0.464355	3.736816	4.452029	-0.376659	0.019937
-3.292480	0.528809	3.952637	4.343802	-0.407988	-0.411785
-3.271973	0.544922	3.999878	4.245543	-0.405615	-0.802685
-3.298828	0.517578	3.999878	4.169357	-0.430298	-1.227999
-3.303223	0.523438	3.999878	4.106462	-0.490582	-1.724514
-3.178711	0.512695	3.999878	3.833758	-0.486785	-2.259954
-2.915527	0.457031	3.999878	3.612794	-0.382593	-2.759318
-2.662109	0.423340	3.999878	3.426956	-0.129113	-3.154727
-2.452637	0.401855	3.999878	3.280280	0.181803	-3.497684
-2.247070	0.361328	3.999878	3.149980	0.369301	-3.806226
-1.992188	0.345703	3.999878	3.000693	0.254429	-4.052348
-1.695801	0.347168	3.999878	2.860662	-0.248733	-4.187870
-1.364258	0.417969	3.999878	2.727515	-1.024123	-4.190243
-0.960938	0.505859	3.999878	2.526013	-1.788834	-4.038582
-0.577637	0.557617	3.999878	2.332106	-2.321900	-3.688268
-0.280273	0.598145	3.999878	2.115414	-2.511060	-3.212875
-0.101074	0.582031	3.999878	1.833928	-2.450538	-2.709714
-0.021973	0.541016	3.999878	1.574278	-2.235271	-2.308372
-0.029785	0.489258	3.999878	1.251495	-1.941681	-1.939307
-0.048340	0.447266	3.999878	0.932273	-1.624357	-1.640733
-0.041504	0.382812	3.999878	0.573414	-1.283299	-1.398409
-0.066406	0.306152	3.999878	0.184176	-0.920168	-1.191686
-0.130371	0.236816	3.999878	-0.180141	-0.641293	-1.010832
-0.213867	0.204590	3.999878	-0.519301	-0.500551	-0.876023
-0.241211	0.200684	3.999878	-0.798650	-0.434333	-0.777527
-0.274414	0.198730	3.999878	-0.999440	-0.344618	-0.659094
-0.274414	0.186035	3.999878	-1.106006	-0.172072	-0.514554
-0.277344	0.176270	3.975098	-1.107904	0.039873	-0.349602
-0.290527	0.101074	3.804688	-0.996829	0.250631	-0.180616
-0.337891	0.076172	3.777832	-0.860359	0.351976	0.001424
-0.411133	0.069336	3.835449	-0.750470	0.356485	0.175632
-0.501465	0.083984	3.870605	-0.713682	0.275315	0.346517
-0.604004	0.031738	3.895996	-0.706325	0.115110	0.477291
-0.677246	0.000488	3.848145	-0.715818	-0.087579	0.551816
-0.723145	-0.005371	3.784180	-0.688049	-0.267245	0.597386
-0.775879	-0.029785	3.710938	-0.660043	-0.437893	0.625154
-0.820312	-0.040527	3.651367	-0.620408	-0.546595	0.614711
-0.855957	-0.061035	3.554199	-0.581958	-0.562259	0.570329
-0.862305	-0.057617	3.463379	-0.540661	-0.445250	0.499127
-0.859375	-0.060059	3.402832	-0.487497	-0.240426	0.437181
-0.860352	-0.062500	3.391602	-0.418668	-0.017089	0.396833
-0.873535	-0.028809	3.403320	-0.337735	0.141217	0.374048
-0.913574	-0.001953	3.472168	-0.263210	0.184176	0.353162
-0.927734	-0.002441	3.531738	-0.232831	0.131724	0.335836
-0.929688	0.002441	3.609863	-0.222151	0.012816	0.317324
-0.906738	0.009766	3.614258	-0.211708	-0.105142	0.308305
-0.901367	0.032715	3.568359	-0.202926	-0.183701	0.318748
-0.900879	0.010742	3.544922	-0.162578	-0.209334	0.315188
-0.922852	0.032227	3.514160	-0.094224	-0.199366	0.309017
-0.924805	0.062988	3.514160	-0.023734	-0.138607	0.305220
-0.922363	0.077637	3.563477	0.049841	-0.063370	0.291217
-0.934082	0.081055	3.636719	0.031329	-0.042721	0.286470
-0.969238	0.089355	3.699707	0.007120	-0.051740	0.261074
-0.974609	0.062012	3.716309	-0.027531	-0.056724	0.233780
-0.959961	0.060059	3.705566	-0.040823	-0.061471	0.197467
-0.937988	0.086914	3.693848	-0.037262	-0.064319	0.172072
-0.921875	0.085449	3.695312	-0.008782	-0.078797	0.172309
-0.924316	0.078613	3.727539	0.027057	-0.117958	0.189872
-0.916504	0.079102	3.746582	0.074762	-0.177768	0.199366
-0.928711	0.099121	3.777344	0.109414	-0.221438	0.211945
-0.931152	0.102539	3.792480	0.131961	-0.247071	0.237340
-0.903320	0.104980	3.784668	0.128164	-0.216692	0.268432
-0.912109	0.112793	3.758789	0.151423	-0.181565	0.318511
-0.911133	0.123047	3.771973	0.187736	-0.168274	0.389238
-0.939941	0.119629	3.812500	0.204350	-0.162815	0.436231
-0.969238	0.130371	3.848633	0.218116	-0.183939	0.486548
-1.045898	0.117676	3.853027	0.215980	-0.229983	0.507434
-1.091309	0.102539	3.867676	0.209334	-0.308305	0.491294
output[0] = 100
output[1] = 0
output[2] = 0
output[3] = 0
output[4] = 0
output[5] = 0
output[6] = 0
output[7] = 0
output[8] = 0
output[9] = 0
output[10] = 0
output[11] = 0
output[12] = 0
Action Type: 0