0.450684	-0.711426	3.694824	0.264397	0.457829	0.364317
0.473145	-0.704102	3.750000	0.259413	0.467086	0.330615
0.518066	-0.687988	3.776855	0.176344	0.595012	0.311865
0.571777	-0.693359	3.803223	0.031566	0.853713	0.319697
0.593750	-0.687988	3.793457	-0.100870	1.206163	0.362656
0.597168	-0.697754	3.779297	-0.267720	1.633376	0.411548
0.541504	-0.682129	3.761230	-0.431959	2.061538	0.492244
0.429688	-0.714844	3.722656	-0.623018	2.516044	0.548019
0.297363	-0.780273	3.702637	-0.806957	2.852355	0.558936
0.188477	-0.818359	3.626953	-0.921355	3.108446	0.522623
0.096191	-0.845703	3.581543	-0.931323	3.186531	0.447861
0.038574	-0.861816	3.548828	-0.833539	3.077829	0.370251
-0.000488	-0.835938	3.458008	-0.611151	2.739382	0.302134
-0.031738	-0.829102	3.378906	-0.247783	2.273245	0.251581
-0.038574	-0.827148	3.349121	0.202214	1.664230	0.236154
-0.019043	-0.796875	3.363281	0.634411	1.088680	0.235204
-0.009277	-0.790527	3.403320	1.007747	0.624917	0.247071
-0.039551	-0.788086	3.435059	1.300150	0.289792	0.225473
-0.100586	-0.808105	3.449707	1.518503	0.056724	0.181803
-0.159180	-0.826660	3.398438	1.677758	-0.003560	0.052452
-0.230957	-0.828125	3.300293	1.818976	0.112025	-0.106328
-0.288574	-0.842773	3.225586	1.987013	0.298099	-0.311390
-0.337402	-0.813965	3.230469	2.184480	0.574601	-0.565819
-0.407227	-0.778809	3.283691	2.369843	0.815976	-0.810042
-0.433594	-0.735352	3.370117	2.505601	0.985437	-1.062810
-0.473145	-0.685547	3.401367	2.614066	1.110990	-1.304185
-0.520508	-0.631836	3.437500	2.718258	1.207825	-1.534642
-0.638672	-0.624512	3.498047	2.858289	1.193584	-1.788834
-0.739258	-0.602539	3.557129	3.010187	1.057351	-2.096189
-0.795898	-0.561523	3.567383	3.176088	0.903317	-2.445554
-0.828125	-0.472656	3.610840	3.326561	0.740739	-2.829096
-0.834473	-0.390625	3.643555	3.545152	0.539474	-3.219996
-0.829102	-0.296387	3.845703	3.760657	0.262024	-3.598316
-0.793457	-0.179199	3.999878	3.965956	-0.082120	-3.971178
-0.673340	-0.093262	3.999878	3.969516	-0.404903	-4.322916
-0.498047	0.029785	3.999878	3.789612	-0.661467	-4.545541
-0.329590	0.175781	3.999878	3.422922	-0.768983	-4.648547
-0.223633	0.324707	3.999878	2.973636	-0.704901	-4.633595
-0.152832	0.414551	3.999878	2.534794	-0.495804	-4.585889
-0.106445	0.498047	3.999878	2.210588	-0.313052	-4.536522
-0.037109	0.563965	3.999878	1.942156	-0.066455	-4.460336
0.005859	0.635742	3.999878	1.673724	0.232119	-4.358517
-0.012207	0.663574	3.999878	1.264074	0.335836	-4.154404
-0.043457	0.750977	3.999878	0.641768	0.414159	-3.900925
-0.220215	0.812988	3.999878	-0.066455	0.389950	-3.762556
-0.342773	0.809082	3.999878	-0.599047	0.211708	-3.787951
-0.337891	0.856445	3.999878	-0.948649	-0.112737	-3.853457
-0.229492	0.932129	3.999878	-1.204027	-0.464950	-3.887634
-0.080078	1.028809	3.999878	-1.404105	-0.868665	-3.808599
0.011230	1.126953	3.999878	-1.632664	-1.333140	-3.671891
0.109375	1.210449	3.999878	-2.123483	-1.872140	-3.522367
0.210449	1.245117	3.999878	-2.704018	-2.423956	-3.432652
0.400879	1.262695	3.999878	-3.257733	-2.891279	-3.320391
0.602539	1.210938	3.999878	-3.869121	-3.128382	-3.242543
0.817383	1.147461	3.999878	-4.469118	-3.068335	-3.219521
1.124023	1.019531	3.999878	-4.977738	-2.849745	-3.186768
1.409180	0.759766	3.999878	-5.304080	-2.446266	-3.116041
1.616211	0.638672	3.999878	-5.496563	-1.931001	-3.010899
1.818359	0.544434	3.853516	-5.492529	-1.336700	-2.883684
2.011719	0.395508	3.614258	-5.313337	-0.701815	-2.703543
2.118652	0.306152	3.551758	-4.950206	-0.300710	-2.417073
2.213867	0.227539	3.548828	-4.493801	-0.162341	-2.065810
2.294922	0.222168	3.646973	-4.002269	-0.174208	-1.633613
2.336426	0.216309	3.756836	-3.586686	-0.285283	-1.148964
2.374023	0.223145	3.852539	-3.294046	-0.373099	-0.639395
2.376465	0.218750	3.920410	-3.070709	-0.399444	-0.078322
2.340820	0.224121	3.987305	-2.950852	-0.411785	0.459016
2.249512	0.193359	3.996582	-2.962007	-0.349602	0.975706
2.116211	0.152344	3.972656	-3.029174	-0.231169	1.404105
1.962891	0.092773	3.918457	-3.129806	-0.165901	1.715258
1.790039	0.045410	3.803223	-3.234948	-0.072151	1.906080
1.663574	0.041016	3.664551	-3.325849	0.069066	1.990098
1.573242	0.020996	3.496094	-3.382811	0.245173	2.024038
1.516602	0.007812	3.349609	-3.400612	0.439080	2.034481
1.466797	-0.020508	3.223145	-3.389931	0.644616	2.055604
1.436523	-0.040039	3.147949	-3.363349	0.841609	2.089544
1.399902	-0.055176	3.112305	-3.345549	1.002051	2.152439
1.351074	-0.037109	3.032227	-3.333444	1.107192	2.242391
1.293945	-0.058594	2.950684	-3.307337	1.147540	2.373166
1.213867	-0.077637	2.889648	-3.240644	1.121670	2.535506
1.138184	-0.123047	2.804199	-3.126484	1.099123	2.697372
1.047852	-0.135742	2.715332	-2.997370	1.006323	2.877751
0.960938	-0.164062	2.639160	-2.850931	0.935358	3.055044
0.867188	-0.218750	2.544434	-2.693575	0.859646	3.273634
0.782227	-0.278809	2.491699	-2.526250	0.795090	3.471102
0.687012	-0.338867	2.414551	-2.355602	0.746198	3.650768
0.598633	-0.391113	2.329590	-2.176885	0.745248	3.799581
0.486816	-0.449707	2.255859	-2.002915	0.809330	3.930593
0.366211	-0.508789	2.177734	-1.860748	0.894298	4.036684
0.211914	-0.561523	2.137695	-1.768897	1.009646	4.084152
0.055176	-0.612305	2.109375	-1.611066	1.059012	4.084152
-0.114746	-0.674316	2.097656	-1.406953	0.994930	4.054009
-0.250977	-0.719238	2.108887	-1.219692	0.854425	3.953614
-0.324219	-0.769043	2.047363	-1.019139	0.729109	3.811448
-0.365234	-0.807617	2.000488	-0.769220	0.677369	3.665721
-0.368652	-0.832520	1.930664	-0.552054	0.696831	3.539218
-0.327148	-0.863770	1.898438	-0.322783	0.844931	3.442621
-0.324707	-0.840332	1.979004	-0.144778	1.000627	3.431228
-0.379883	-0.823242	2.014160	-0.002611	1.036465	3.470864
-0.465820	-0.822266	2.033203	0.156407	0.982114	3.506228
-0.526855	-0.837402	1.995117	0.331564	0.902842	3.499108
-0.595703	-0.853516	1.954102	0.594775	0.820011	3.478459
-0.655273	-0.840820	1.941406	0.888127	0.772305	3.463744
-0.743164	-0.853027	1.964355	1.176970	0.717480	3.473000
-0.837891	-0.858887	2.062500	1.490260	0.625866	3.473712
-0.974121	-0.862305	2.158203	1.820875	0.472070	3.455437
-1.080078	-0.874023	2.299805	2.095715	0.288368	3.360739
-1.142578	-0.868652	2.364258	2.291283	0.183227	3.200059
-1.154297	-0.873535	2.444824	2.407342	0.213606	2.989776
-1.152344	-0.848145	2.472656	2.460269	0.347941	2.825061
-1.207520	-0.793457	2.527832	2.489700	0.519775	2.671977
-1.284668	-0.750488	2.590820	2.564699	0.708223	2.534082
-1.409668	-0.716309	2.705566	2.635189	0.789868	2.408055
-1.559082	-0.649902	2.816406	2.760505	0.759014	2.249511
-1.652832	-0.611816	2.916992	2.901248	0.665739	2.030446
-1.656738	-0.550293	2.972168	3.023715	0.595724	1.790733
-1.681641	-0.503418	3.026855	3.171578	0.603319	1.544848
-1.637695	-0.486816	3.111816	3.288587	0.695882	1.332428
-1.575684	-0.493164	3.205078	3.404884	0.843507	1.154423
-1.560547	-0.490723	3.337402	3.507177	0.964788	1.077288
-1.565430	-0.467773	3.527344	3.554646	1.028158	1.011307
-1.610840	-0.455078	3.677246	3.529013	1.010832	0.980690
-1.706543	-0.458496	3.764648	3.506703	0.957668	0.910675
-1.771484	-0.469727	3.725098	3.398950	0.909963	0.821435
-1.829102	-0.463379	3.716309	3.358128	0.991845	0.635835
-1.876465	-0.468262	3.719238	3.456149	1.143505	0.434333
-1.901367	-0.417480	3.826660	3.577667	1.371590	0.263210
-1.916016	-0.384277	3.999878	3.618015	1.577126	0.111550
-1.905762	-0.377930	3.999878	3.558443	1.762726	-0.022785
-1.970703	-0.445312	3.999878	3.408206	1.832030	-0.196280
-1.997070	-0.483887	3.999878	3.293571	1.687252	-0.445962
-1.979980	-0.476562	3.999878	3.116990	1.331242	-0.764473
-1.841309	-0.427734	3.999878	3.093968	1.019377	-1.087493
-1.675781	-0.338379	3.999878	3.193413	0.784410	-1.274992
-1.528320	-0.211914	3.999878	3.413903	0.609015	-1.380134
-1.356445	-0.110352	3.999878	3.569360	0.489396	-1.389153
-1.238281	-0.095215	3.999878	3.588585	0.443826	-1.319849
-1.167969	-0.113770	3.999878	3.522604	0.328242	-1.256005
-1.144531	-0.133789	3.999878	3.344837	0.087816	-1.262176
-1.088379	-0.111328	3.999878	3.077591	-0.249207	-1.340261
-0.993652	-0.051758	3.999878	2.864935	-0.530693	-1.456795
-0.854004	0.020020	3.999878	2.637325	-0.640107	-1.573566
-0.692871	0.096680	3.999878	2.396188	-0.620170	-1.660670
-0.550781	0.167480	3.999878	2.130604	-0.523810	-1.693898
-0.381836	0.225586	3.999878	1.820637	-0.295489	-1.645005
-0.277832	0.253418	3.999878	1.486462	0.059810	-1.522538
-0.212891	0.230469	3.999878	1.121433	0.453795	-1.366843
-0.161621	0.192871	3.999878	0.688049	0.792242	-1.198094
-0.154785	0.143066	3.999878	0.190822	1.078474	-1.033380
-0.185547	0.079590	3.999878	-0.297625	1.239154	-0.891687
output[0] = 0
output[1] = 0
output[2] = 0
output[3] = 0
output[4] = 0
output[5] = 0
Action Type: 5