-0.653809	0.167480	3.958496	0.353400	0.728397	-0.495567
-0.709961	0.167969	3.949219	0.393748	0.749758	-0.512655
-0.772461	0.148438	3.954590	0.449522	0.724600	-0.560835
-0.848145	0.136719	3.951172	0.543509	0.620170	-0.614711
-0.896973	0.161621	3.984863	0.648414	0.453557	-0.695644
-0.906738	0.192383	3.999878	0.723651	0.320172	-0.811941
-0.907227	0.201660	3.999878	0.759014	0.268195	-0.901656
-0.889160	0.208984	3.999878	0.744062	0.289792	-0.974282
-0.902344	0.209961	3.999878	0.663366	0.412735	-1.041924
-0.934570	0.200195	3.999878	0.561547	0.512180	-1.100310
-0.952637	0.192383	3.999878	0.444538	0.588129	-1.158458
-0.978027	0.201660	3.999878	0.334412	0.680217	-1.223489
-1.032715	0.178223	3.999878	0.209809	0.772780	-1.290182
-1.061523	0.190430	3.999878	0.086629	0.841846	-1.371352
-1.088379	0.195312	3.999878	0.050079	0.862257	-1.437807
-1.147461	0.168457	3.999878	-0.018513	0.897858	-1.526098
-1.203125	0.166504	3.999878	-0.078322	0.853476	-1.641445
-1.266602	0.149414	3.999878	-0.154746	0.787970	-1.789308
-1.281250	0.158691	3.999878	-0.272704	0.695882	-1.990098
-1.191406	0.198730	3.999878	-0.412023	0.640819	-2.214385
-1.058594	0.229004	3.999878	-0.584094	0.651024	-2.384558
-0.939453	0.236816	3.999878	-0.786546	0.733856	-2.502516
-0.850586	0.274902	3.999878	-0.992082	0.860121	-2.602674
-0.740234	0.289062	3.999878	-1.220404	0.932985	-2.690252
-0.644531	0.261719	3.999878	-1.429263	0.936307	-2.759081
-0.506348	0.294922	3.999878	-1.671588	0.920168	-2.812245
-0.380859	0.320312	3.999878	-1.919134	0.807906	-2.798242
-0.257812	0.339844	3.999878	-2.202518	0.644616	-2.748163
-0.171875	0.367188	3.999878	-2.474984	0.458779	-2.681233
-0.060059	0.371582	3.999878	-2.629968	0.298337	-2.591756
0.101074	0.291504	3.999878	-2.615252	0.289792	-2.490649
0.156738	0.408691	3.999878	-2.334242	0.869852	-2.389067
0.210938	0.380859	3.999878	-2.135350	0.491532	-2.176173
0.235840	0.361816	3.999878	-1.859086	0.036788	-1.947377
0.330078	0.343750	3.999878	-1.635037	-0.308542	-1.724514
0.425781	0.279297	3.999878	-1.642869	-0.385441	-1.508298
0.438477	0.351562	3.999878	-1.947614	-0.344618	-1.280688
0.480469	0.413574	3.999878	-2.435586	-0.206249	-1.068743
0.505859	0.410156	3.999878	-3.049585	-0.079746	-0.854900
0.508301	0.431152	3.999878	-3.698474	0.027057	-0.629426
0.492188	0.452148	3.999878	-4.265717	0.072626	-0.398257
0.510254	0.421875	3.999878	-4.668721	0.285283	-0.238764
0.521484	0.395508	3.988281	-4.874732	0.619458	-0.092563
0.524414	0.327148	3.721191	-4.921251	0.875786	0.056487
0.514160	0.290039	3.494629	-4.832486	0.997541	0.225948
0.495605	0.241699	3.337891	-4.650683	1.026497	0.389950
0.480957	0.188965	3.201660	-4.421175	0.956007	0.561547
0.475586	0.130371	3.093262	-4.143250	0.813128	0.735518
0.478516	0.083496	3.013672	-3.856780	0.618034	0.902605
0.495605	0.043457	2.968262	-3.576955	0.454507	1.069930
0.532715	0.061035	2.917480	-3.366197	0.363368	1.255055
0.559570	0.082520	2.896484	-3.225929	0.430535	1.454421
0.537598	0.076660	2.892578	-3.177274	0.446200	1.680369
0.517578	0.093262	2.846680	-3.130993	0.401580	1.914861
0.508789	0.096680	2.715332	-3.066199	0.449997	2.158610
0.482422	0.102051	2.588379	-2.978621	0.598098	2.413513
0.454590	0.102539	2.478027	-2.895077	0.772543	2.686455
0.396484	0.117676	2.382812	-2.766913	0.988285	2.989776
0.273926	0.139160	2.313477	-2.612405	1.120721	3.293097
0.148926	0.173340	2.277344	-2.432263	1.094851	3.578379
0.001465	0.176758	2.247070	-2.244527	0.950311	3.833995
-0.185059	0.144043	2.220215	-2.026174	0.591452	4.015086
-0.312012	0.107422	2.144531	-1.802362	0.138607	4.121177
-0.418945	0.042480	2.022949	-1.550307	-0.287419	4.161287
-0.426270	0.014648	1.848633	-1.267397	-0.590028	4.181461
-0.403809	0.050781	1.726074	-0.962890	-0.726261	4.285416
-0.435059	0.085938	1.678223	-0.606167	-0.719853	4.473152
-0.544922	0.079590	1.676270	-0.250157	-0.763761	4.668246
-0.731934	0.039551	1.707520	0.125553	-0.843507	4.820381
-0.953125	-0.003418	1.756836	0.467560	-0.977605	4.862153
-1.139160	-0.033203	1.779297	0.804346	-1.132350	4.830824
-1.267578	-0.065430	1.784180	1.094613	-1.218505	4.729242
-1.368164	-0.065918	1.776855	1.391051	-1.137809	4.605588
-1.503418	-0.055176	1.780762	1.710511	-0.981402	4.468406
-1.636719	-0.058105	1.825195	2.058452	-0.881007	4.330511
-1.792480	-0.044922	1.917480	2.407342	-0.812890	4.148708
-1.978516	-0.021484	2.014160	2.734635	-0.781324	3.913979
-2.129395	0.010254	2.117188	3.044364	-0.747622	3.602351
-2.227539	0.065430	2.223145	3.290011	-0.637021	3.265565
-2.294922	0.113770	2.373047	3.530199	-0.412972	2.945393
-2.399414	0.180176	2.544434	3.729090	-0.172546	2.672689
-2.504883	0.250000	2.705566	3.931304	0.025870	2.474272
-2.685059	0.294922	2.907227	4.070860	0.289080	2.257106
-2.886719	0.328613	3.098633	4.153692	0.565345	2.018105
-3.128418	0.375977	3.333496	4.186445	0.525946	1.711223
-3.351074	0.401855	3.617676	4.184784	0.239714	1.235119
-3.441895	0.427246	3.787109	4.187157	-0.193432	0.724600
-3.416992	0.428711	3.997070	4.229641	-0.765185	0.153322
-3.246094	0.463867	3.999878	4.193803	-1.309881	-0.407988
-3.060547	0.548828	3.999878	4.097443	-1.880922	-0.862495
-2.859375	0.629395	3.999878	4.006779	-2.333767	-1.192872
-2.665527	0.700195	3.999878	3.960497	-2.641360	-1.469136
-2.435547	0.753906	3.999878	3.884786	-2.818891	-1.700781
-2.251465	0.777832	3.999878	3.854881	-2.811533	-1.846507
-2.087402	0.773926	3.999878	3.766116	-2.682657	-1.976807
-1.979492	0.732422	3.999878	3.666907	-2.515095	-2.064861
-1.919434	0.694336	3.999878	3.483681	-2.330444	-2.152676
-1.928223	0.667480	3.999878	3.214774	-2.099275	-2.296267
-1.953125	0.664551	3.999878	2.915488	-1.944766	-2.499668
-1.949707	0.613770	3.999878	2.670553	-1.926016	-2.821027
-1.866211	0.579590	3.999878	2.598402	-1.996032	-3.162085
-1.708496	0.570312	3.999878	2.550696	-2.028785	-3.545864
-1.474121	0.581055	3.999878	2.512247	-2.016206	-3.853220
-1.213867	0.654785	3.999878	2.425380	-1.887330	-4.049263
-1.003418	0.681641	3.999878	2.245002	-1.654024	-4.143250
-0.830078	0.726074	3.999878	2.009798	-1.473171	-4.173391
-0.686035	0.769531	3.999878	1.741603	-1.387491	-4.139926
-0.515137	0.800781	3.999878	1.459880	-1.408852	-4.059231
-0.359863	0.815430	3.999878	1.253394	-1.466288	-3.932966
-0.212891	0.786621	3.999878	1.085120	-1.594215	-3.743331
-0.055664	0.746582	3.999878	0.942478	-1.789071	-3.519994
0.073730	0.687500	3.999878	0.784884	-1.974908	-3.280043
0.215332	0.663086	3.999878	0.599047	-2.076965	-3.018494
0.330566	0.651855	3.999878	0.378083	-1.997931	-2.759081
0.427246	0.658203	3.999878	0.109889	-1.764625	-2.482342
0.488281	0.656738	3.999878	-0.160679	-1.479579	-2.183056
0.516602	0.634766	3.999878	-0.437893	-1.145167	-1.880922
0.490723	0.577637	3.999878	-0.667876	-0.849204	-1.571667
0.453125	0.509277	3.999878	-0.832590	-0.652923	-1.279264
0.354492	0.421387	3.999878	-0.978079	-0.537813	-1.032905
0.255859	0.345703	3.999878	-1.084645	-0.526895	-0.846830
0.181152	0.300781	3.999878	-1.095563	-0.570329	-0.710122
0.101074	0.254395	3.999878	-1.101496	-0.633461	-0.616610
0.023438	0.205566	3.999878	-1.075389	-0.686388	-0.554664
-0.017090	0.196289	3.999878	-1.063759	-0.750945	-0.516927
-0.034668	0.192383	3.999878	-1.078712	-0.791767	-0.511468
0.023926	0.204590	3.965820	-1.099123	-0.757828	-0.463763
0.052246	0.191406	3.889160	-1.103632	-0.651499	-0.388051
0.079590	0.172363	3.852539	-1.091053	-0.500788	-0.263922
0.069336	0.189453	3.839844	-1.095563	-0.390899	-0.093037
0.030273	0.190918	3.819824	-1.126654	-0.320884	0.093512
-0.050781	0.202148	3.802734	-1.144217	-0.285283	0.258226
-0.148438	0.164062	3.807617	-1.115737	-0.344143	0.407513
-0.249023	0.110840	3.798828	-1.081560	-0.504111	0.517402
-0.317383	0.071777	3.753906	-1.024361	-0.696119	0.563920
-0.378418	0.038574	3.738281	-0.965738	-0.870327	0.567006
-0.412109	-0.015625	3.708496	-0.886229	-1.060436	0.542323
-0.425293	-0.042480	3.658203	-0.784410	-1.265973	0.524285
-0.435059	-0.043945	3.604004	-0.667401	-1.496905	0.528319
-0.423340	-0.029297	3.531250	-0.546120	-1.538440	0.496041
-0.396973	-0.014160	3.498047	-0.432671	-1.478867	0.511468
-0.392090	-0.020508	3.517578	-0.333938	-1.352602	0.546120
-0.413574	-0.031738	3.560059	-0.252293	-1.229423	0.592401
-0.434570	-0.055176	3.618652	-0.160205	-1.120246	0.593825
-0.456543	-0.079590	3.644043	-0.095173	-0.951497	0.577449
-0.450684	-0.091797	3.688965	-0.070727	-0.770407	0.565345
-0.448242	-0.128418	3.727051	-0.062183	-0.575313	0.529269
-0.450684	-0.104004	3.723145	-0.062895	-0.397308	0.509095
-0.462402	-0.104492	3.731934	-0.043671	-0.219065	0.501263
-0.428223	-0.037598	3.715820	-0.019462	-0.045807	0.516927
output[0] = 100
output[1] = 0
output[2] = 0
output[3] = 0
output[4] = 0
output[5] = 0
output[6] = 0
output[7] = 0
output[8] = 0
output[9] = 0
output[10] = 0
output[11] = 0
output[12] = 0
Action Type: 0