-0.218262	0.245605	3.999878	-0.101819	-2.251173	-2.909554
-0.112793	0.289062	3.999878	-0.198891	-2.215334	-3.039617
0.015625	0.300781	3.999878	-0.279824	-2.121347	-3.128620
0.172363	0.333984	3.999878	-0.369539	-1.997931	-3.187717
0.317871	0.355957	3.999878	-0.495329	-1.810906	-3.200771
0.441406	0.377930	3.999878	-0.613762	-1.624120	-3.164221
0.571289	0.382324	3.999878	-0.742400	-1.449674	-3.076880
0.651855	0.397461	3.999878	-0.818349	-1.285672	-2.966516
0.727051	0.427246	3.999878	-0.956244	-1.216844	-2.829334
0.801758	0.438477	3.999878	-1.057351	-1.214708	-2.644445
0.882324	0.451660	3.999878	-1.125230	-1.215182	-2.398324
0.919434	0.453125	3.999878	-1.213996	-1.254106	-2.152676
0.947754	0.444824	3.999878	-1.362333	-1.277603	-1.931238
0.976562	0.425293	3.999878	-1.560750	-1.208062	-1.728549
0.979004	0.440430	3.999878	-1.764150	-1.143743	-1.541525
0.959961	0.407227	3.999878	-2.022377	-1.128790	-1.378947
0.933105	0.388184	3.999878	-2.252597	-1.140657	-1.280451
0.956543	0.364258	3.999878	-2.471662	-1.187413	-1.206875
0.975586	0.345703	3.999878	-2.536930	-1.198331	-1.157509
1.035645	0.342285	3.999878	-2.549035	-1.157509	-1.093189
1.123047	0.356445	3.999878	-2.523639	-1.124993	-0.996829
1.188965	0.374023	3.999878	-2.474272	-1.107430	-0.874362
1.296387	0.431152	3.999878	-2.511060	-1.101022	-0.686388
1.361328	0.435547	3.999878	-2.578228	-1.071354	-0.468272
1.413574	0.445801	3.999878	-2.716597	-1.060199	-0.239714
1.430176	0.469727	3.999878	-2.883210	-1.046433	0.007120
1.424316	0.419922	3.999878	-3.027750	-1.038838	0.232119
1.447754	0.418457	3.999878	-3.120075	-1.025785	0.456880
1.461914	0.382812	3.999878	-3.099664	-1.008696	0.663366
1.453125	0.350098	3.901367	-3.107259	-0.996355	0.926814
1.410156	0.291504	3.794434	-3.057418	-1.030294	1.185277
1.370117	0.235840	3.709961	-2.929966	-1.049044	1.426890
1.332520	0.170410	3.617676	-2.787324	-1.026497	1.625544
1.305664	0.109375	3.552734	-2.665569	-0.956481	1.790733
1.254395	0.063477	3.549316	-2.559003	-0.893824	1.940257
1.202148	0.040039	3.499023	-2.455997	-0.840422	2.066284
1.168457	0.002441	3.464355	-2.368419	-0.759252	2.181869
1.146973	-0.041504	3.451172	-2.266600	-0.694932	2.281077
1.135254	-0.081543	3.476562	-2.209875	-0.606879	2.390729
1.104492	-0.074707	3.520020	-2.218420	-0.537813	2.489225
1.066895	-0.039551	3.489258	-2.261141	-0.459016	2.579177
1.013672	-0.036133	3.437500	-2.318340	-0.369539	2.644445
0.986328	-0.049805	3.374023	-2.385270	-0.239239	2.684319
0.945312	-0.051758	3.285156	-2.465491	-0.084730	2.729413
0.952637	-0.065430	3.234375	-2.526962	0.106803	2.743179
0.949707	-0.071289	3.179688	-2.598639	0.324919	2.779729
0.946777	-0.094727	3.072266	-2.622610	0.556800	2.821027
0.951172	-0.071289	2.977539	-2.620474	0.801261	2.898874
0.960449	-0.084473	2.918945	-2.615965	1.072303	3.032497
0.928711	-0.079590	2.917480	-2.526725	1.330292	3.206705
0.872559	-0.081543	2.889648	-2.512247	1.583772	3.402273
0.750488	-0.098145	2.878418	-2.564224	1.745163	3.552747
0.643555	-0.127930	2.832031	-2.560664	1.897061	3.659312
0.527344	-0.158203	2.765137	-2.506076	2.058215	3.739533
0.449219	-0.196289	2.709961	-2.484241	2.164306	3.786764
0.371582	-0.209473	2.639160	-2.459795	2.221980	3.804090
0.320801	-0.258789	2.546875	-2.373640	2.306947	3.831384
0.293457	-0.259277	2.498047	-2.230524	2.355840	3.895466
0.233398	-0.250000	2.503906	-2.044449	2.324748	4.030987
0.190430	-0.249512	2.501953	-1.836302	2.212486	4.175528
0.073242	-0.264648	2.488770	-1.639547	2.005051	4.360416
-0.076172	-0.283203	2.498047	-1.428314	1.700781	4.518010
-0.261230	-0.293945	2.462402	-1.193110	1.304659	4.629560
-0.448730	-0.386230	2.356934	-0.937969	0.887890	4.663737
-0.596680	-0.471680	2.245605	-0.582196	0.653635	4.637155
-0.711426	-0.532715	2.210449	-0.232593	0.607591	4.554085
-0.823730	-0.570801	2.233887	0.072626	0.613525	4.441823
-0.919434	-0.598633	2.296387	0.327055	0.631800	4.308438
-1.005371	-0.633301	2.373535	0.535677	0.683540	4.161050
-1.119629	-0.687012	2.432129	0.685913	0.623256	3.944358
-1.227051	-0.758789	2.436523	0.851577	0.473257	3.668094
-1.260742	-0.790039	2.365723	1.048095	0.328954	3.358365
-1.220215	-0.805664	2.320312	1.341447	0.316849	3.088272
-1.178223	-0.787598	2.353027	1.649040	0.315900	2.940171
-1.145996	-0.768066	2.415527	1.916760	0.294539	2.875140
-1.186035	-0.773926	2.503418	2.108294	0.272467	2.870868
-1.293457	-0.805176	2.583496	2.341599	0.215030	2.829808
-1.424316	-0.865723	2.733398	2.522690	0.065743	2.681945
-1.576172	-0.920898	2.808105	2.631154	-0.136471	2.418260
-1.659180	-0.918457	2.803223	2.714223	-0.283384	2.057978
-1.686523	-0.920898	2.818359	2.845947	-0.371200	1.635749
-1.615234	-0.871094	2.819336	3.051721	-0.456405	1.233695
-1.485840	-0.808105	2.798828	3.195549	-0.478478	0.985437
-1.347168	-0.711914	2.821777	3.461608	-0.409412	0.826182
-1.294922	-0.645020	2.897949	3.725530	-0.306406	0.726736
-1.260742	-0.599121	2.995605	3.949817	-0.183464	0.612338
-1.250000	-0.568848	3.160156	4.118329	-0.087104	0.501263
-1.250488	-0.503418	3.310059	4.262157	-0.093275	0.377846
-1.255371	-0.419434	3.398926	4.340954	-0.185125	0.235442
-1.228516	-0.319824	3.431641	4.535573	-0.296201	0.110363
-1.208008	-0.216797	3.513672	4.785492	-0.459728	0.019462
-1.212891	-0.145020	3.611816	5.080981	-0.735755	-0.064557
-1.193359	-0.066406	3.685059	5.379555	-1.002763	-0.164952
-1.166504	0.010742	3.871094	5.623541	-1.213284	-0.244460
-1.133789	0.067871	3.999878	5.765707	-1.443741	-0.306406
-1.154297	0.119629	3.999878	5.758825	-1.638123	-0.353400
-1.192383	0.173828	3.999878	5.654632	-1.792631	-0.391849
-1.254883	0.194824	3.999878	5.339919	-1.894925	-0.483462
-1.341797	0.206543	3.999878	4.934779	-1.908453	-0.637733
-1.458496	0.179199	3.999878	4.478374	-1.830843	-0.875311
-1.470703	0.158691	3.999878	3.973314	-1.621984	-1.184565
-1.469238	0.144043	3.999878	3.449741	-1.301811	-1.542949
-1.433594	0.146973	3.999878	3.061215	-0.992557	-1.847457
-1.396484	0.157227	3.999878	2.696186	-0.683065	-2.140097
-1.360840	0.157227	3.999878	2.351093	-0.443352	-2.438434
-1.320801	0.183594	3.999878	2.069607	-0.296201	-2.727989
-1.245117	0.204102	3.999878	1.888042	-0.214793	-3.009712
-1.127930	0.219727	3.999878	1.759641	-0.129588	-3.259631
-1.019531	0.262207	3.999878	1.673961	-0.159255	-3.462557
-0.909668	0.310059	3.999878	1.692236	-0.357197	-3.577905
-0.812988	0.335938	3.999878	1.748961	-0.657433	-3.654566
-0.681641	0.379883	3.999878	1.769847	-0.983775	-3.694201
-0.544922	0.387695	3.999878	1.714072	-1.211859	-3.680198
-0.414062	0.378418	3.999878	1.628154	-1.420719	-3.632493
-0.322266	0.408691	3.999878	1.540338	-1.694847	-3.552509
-0.291992	0.418945	3.999878	1.468662	-1.952836	-3.489377
-0.266113	0.421875	3.999878	1.383694	-2.201094	-3.490326
-0.237305	0.455566	3.999878	1.294217	-2.366045	-3.551560
-0.122070	0.545410	3.999878	1.222065	-2.418023	-3.637715
0.001465	0.611816	3.999878	1.209486	-2.378624	-3.690167
0.123047	0.690430	3.999878	1.252445	-2.343973	-3.677588
0.243164	0.745117	3.999878	1.317476	-2.302913	-3.617303
0.361328	0.787109	3.999878	1.326495	-2.187565	-3.519282
0.458008	0.858398	3.999878	1.284486	-1.991522	-3.406782
0.562500	0.874512	3.999878	1.150863	-1.681556	-3.307100
0.666504	0.880371	3.999878	0.864631	-1.340498	-3.200771
0.793945	0.891602	3.999878	0.520725	-0.983063	-3.058367
0.915527	0.889160	3.999878	0.176344	-0.651262	-2.842150
1.020020	0.907227	3.999878	-0.131724	-0.413447	-2.545712
1.086426	0.881836	3.999878	-0.427925	-0.244460	-2.195398
1.122070	0.862793	3.999878	-0.677132	-0.088053	-1.799039
1.110840	0.820801	3.999878	-0.877447	0.020886	-1.392713
1.082031	0.768066	3.999878	-1.042636	0.141217	-0.985912
1.033691	0.710449	3.999878	-1.142319	0.234018	-0.595487
0.964355	0.662598	3.999878	-1.219217	0.316612	-0.232831
0.905273	0.606445	3.999878	-1.236068	0.396358	0.083069
0.801758	0.543945	3.933594	-1.158221	0.449760	0.391137
0.679199	0.512207	3.912598	-1.055690	0.475630	0.647464
0.548340	0.457520	3.906738	-0.936782	0.435994	0.862732
0.416504	0.400879	3.926270	-0.809330	0.349365	1.034566
0.266602	0.366211	3.931641	-0.695644	0.230220	1.126892
0.127930	0.316406	3.955078	-0.603082	0.108465	1.162967
0.013672	0.260742	3.987305	-0.551579	-0.013291	1.115025
-0.033691	0.231934	3.939453	-0.506484	-0.095173	1.021750
-0.056641	0.200684	3.925781	-0.459965	-0.115822	0.912573
-0.062988	0.183105	3.895996	-0.389001	-0.104430	0.818112
-0.056641	0.183594	3.896484	-0.304508	-0.083306	0.747385
-0.059082	0.180664	3.916504	-0.246834	-0.056487	0.700866
-0.099609	0.164551	3.974121	-0.205299	-0.030617	0.653160
-0.141113	0.136230	3.999878	-0.155458	-0.017563	0.571278
output[0] = 100
output[1] = 0
output[2] = 0
output[3] = 0
output[4] = 0
output[5] = 0
output[6] = 0
output[7] = 0
output[8] = 0
output[9] = 0
output[10] = 0
output[11] = 0
output[12] = 0
Action Type: 0