-1.590820	-0.668457	2.846680	0.247309	0.220014	-0.276264
-1.640625	-0.716309	2.916992	0.384729	0.184413	-0.306644
-1.663086	-0.727539	2.995605	0.419618	0.199603	-0.389950
-1.655762	-0.720703	3.030273	0.387339	0.275077	-0.496753
-1.629395	-0.713867	3.035156	0.326343	0.401817	-0.589316
-1.604004	-0.718750	2.981934	0.223812	0.523335	-0.641768
-1.571289	-0.745605	2.930664	0.134097	0.636072	-0.671910
-1.594238	-0.736816	2.896484	0.107990	0.691847	-0.686863
-1.623047	-0.753418	2.812012	0.117721	0.691372	-0.708461
-1.633789	-0.763672	2.751465	0.199366	0.626578	-0.728872
-1.641602	-0.773438	2.754883	0.312340	0.484174	-0.756641
-1.659668	-0.770020	2.710449	0.452133	0.293827	-0.801261
-1.641602	-0.747070	2.711914	0.597860	0.120094	-0.844219
-1.623047	-0.755859	2.718262	0.743587	-0.023971	-0.906877
-1.564453	-0.747070	2.694824	0.853238	-0.167088	-0.943665
-1.524902	-0.733887	2.681152	0.948649	-0.264634	-0.995642
-1.472656	-0.696777	2.616699	1.040500	-0.306169	-1.058063
-1.409668	-0.668457	2.613770	1.080136	-0.320409	-1.108379
-1.332520	-0.671875	2.563965	1.151100	-0.266770	-1.120721
-1.284180	-0.657715	2.558594	1.196432	-0.165189	-1.104819
-1.265625	-0.658691	2.528320	1.282824	-0.047468	-1.105294
-1.257324	-0.630859	2.536621	1.313916	0.115822	-1.103158
-1.275391	-0.632324	2.539551	1.382033	0.191059	-1.122857
-1.260254	-0.608887	2.593262	1.503313	0.137183	-1.178395
-1.208008	-0.580566	2.607910	1.600148	-0.058860	-1.243188
-1.097168	-0.534180	2.620605	1.713834	-0.291929	-1.303948
-0.952637	-0.517578	2.617676	1.876887	-0.488684	-1.293505
-0.839355	-0.469238	2.576172	1.989861	-0.661942	-1.231321
-0.705566	-0.450195	2.494141	2.109955	-0.721277	-1.128790
-0.620117	-0.434082	2.411621	2.222217	-0.626104	-0.983301
-0.524414	-0.390625	2.427246	2.347296	-0.353162	-0.832352
-0.553223	-0.374512	2.391602	2.505601	-0.104192	-0.671436
-0.569336	-0.368652	2.409180	2.676724	0.183939	-0.507434
-0.625000	-0.360352	2.503906	2.821739	0.418194	-0.449760
-0.654785	-0.337891	2.643555	2.916912	0.525234	-0.454269
-0.625977	-0.301270	2.745605	2.999032	0.609015	-0.470171
-0.573730	-0.307617	2.789551	3.121737	0.728160	-0.484412
-0.526855	-0.241699	2.952637	3.258445	0.837811	-0.489158
-0.458496	-0.122559	3.110352	3.198872	0.851102	-0.426975
-0.387207	-0.066895	3.229492	3.103462	0.805533	-0.319697
-0.327637	-0.048828	3.338379	2.997608	0.692559	-0.147863
-0.271484	-0.024902	3.387695	2.935425	0.526183	0.041535
-0.229004	-0.033203	3.379395	2.905045	0.323257	0.255615
-0.220215	0.003906	3.382812	2.971500	0.192720	0.423652
-0.179199	0.068848	3.428711	3.156389	0.137657	0.603556
-0.155273	0.146973	3.510254	3.264141	0.120806	0.768270
-0.132324	0.288086	3.612305	3.339615	0.157831	0.961228
-0.093750	0.395508	3.712891	3.386134	0.257040	1.191923
-0.058105	0.506348	3.843262	3.479646	0.486785	1.504975
-0.033203	0.551270	3.999878	3.488902	0.752131	1.887093
-0.100586	0.579590	3.999878	3.388507	0.911387	2.286299
-0.207520	0.613770	3.999878	3.173952	0.950785	2.676249
-0.362305	0.660645	3.999878	2.848558	0.865817	3.019206
-0.543945	0.662598	3.999878	2.471424	0.625392	3.253461
-0.703613	0.683594	3.999878	2.093104	0.362419	3.418887
-0.827637	0.683105	3.999878	1.759404	0.106328	3.543253
-0.915039	0.679199	3.999878	1.471747	-0.104667	3.679961
-1.032715	0.748535	3.999878	1.261701	-0.230695	3.834707
-1.172363	0.802246	3.999878	1.075389	-0.348416	3.969042
-1.277344	0.881836	3.999878	0.883855	-0.488684	4.098155
-1.333984	0.940918	3.999878	0.703714	-0.551341	4.202822
-1.398926	0.962402	3.999878	0.592401	-0.433621	4.275210
-1.461914	0.989746	3.999878	0.463526	-0.143591	4.323628
-1.566895	0.992188	3.999878	0.299761	0.181328	4.349973
-1.738770	0.980957	3.999878	0.061471	0.403478	4.368722
-1.963379	0.971680	3.999878	-0.313289	0.412023	4.337631
-2.191406	0.937500	3.999878	-0.764710	0.277925	4.218961
-2.351074	0.921875	3.999878	-1.329343	0.016614	4.022680
-2.503418	0.863281	3.999878	-1.928390	-0.297387	3.761606
-2.577637	0.852539	3.999878	-2.465016	-0.542560	3.406782
-2.547363	0.816406	3.999878	-2.836216	-0.556800	3.026563
-2.444336	0.810059	3.999878	-3.177274	-0.300235	2.671740
-2.354492	0.837891	3.999878	-3.577430	0.037974	2.443418
-2.347656	0.865723	3.999878	-4.014374	0.231169	2.300302
-2.363281	0.876465	3.999878	-4.403374	0.352925	2.182344
-2.415527	0.875977	3.999878	-4.753451	0.362893	2.027123
-2.485352	0.824219	3.999878	-4.984383	0.249682	1.863596
-2.552734	0.770508	3.999878	-5.091187	0.077610	1.679895
-2.600098	0.717285	3.999878	-5.088576	-0.122705	1.472934
-2.683594	0.670898	3.999878	-5.020459	-0.219540	1.234882
-2.686523	0.589844	3.999878	-4.925998	-0.250631	0.965263
-2.655273	0.534180	3.999878	-4.866425	-0.257277	0.702053
-2.653320	0.493652	3.935059	-4.874020	-0.203401	0.389475
-2.600586	0.470215	3.901367	-4.941662	-0.196755	0.077848
-2.522949	0.456055	3.859375	-5.030190	-0.224761	-0.210996
-2.472656	0.482422	3.832031	-5.106851	-0.259176	-0.447624
-2.395996	0.507812	3.826660	-5.169509	-0.317324	-0.573414
-2.281738	0.503418	3.783691	-5.251154	-0.402766	-0.566057
-2.272949	0.460449	3.712402	-5.352024	-0.561547	-0.504111
-2.305176	0.382324	3.570801	-5.436754	-0.766134	-0.440266
-2.406738	0.304199	3.369141	-5.463099	-0.909013	-0.436469
-2.569824	0.206055	3.144531	-5.429159	-0.943902	-0.577924
-2.680664	0.121582	3.001465	-5.360805	-1.022225	-0.823096
-2.746582	0.028809	2.811035	-5.247831	-1.067082	-1.152050
-2.701172	-0.022949	2.681641	-5.123940	-1.045009	-1.507586
-2.594727	-0.173340	2.472168	-4.959463	-0.897621	-1.854102
-2.449219	-0.242188	2.323242	-4.742296	-0.616847	-2.232423
-2.338379	-0.202148	2.233398	-4.489292	-0.404665	-2.514620
-2.275879	-0.211426	2.135254	-4.215876	-0.319460	-2.737720
-2.151855	-0.219727	2.061035	-3.893805	-0.253954	-2.866833
-2.047363	-0.300293	1.961914	-3.484630	-0.306406	-2.955836
-1.934570	-0.319336	1.871582	-3.023241	-0.314951	-2.983605
-1.871582	-0.355957	1.808105	-2.540016	-0.297150	-2.979570
-1.829590	-0.370605	1.778320	-2.068183	-0.211708	-2.974111
-1.784668	-0.408203	1.822266	-1.631477	-0.125078	-3.014459
-1.721680	-0.455566	1.892578	-1.221828	-0.056724	-3.067386
-1.632812	-0.466797	1.994141	-0.884805	-0.063370	-3.122449
-1.559570	-0.466309	2.088379	-0.626341	-0.109177	-3.158999
-1.471680	-0.473145	2.174805	-0.439080	-0.232593	-3.191040
-1.374512	-0.472656	2.214355	-0.308068	-0.360283	-3.217622
-1.259766	-0.470703	2.190918	-0.209809	-0.492956	-3.250612
-1.135254	-0.463867	2.159668	-0.098496	-0.527133	-3.242306
-0.988770	-0.443848	2.141113	0.064319	-0.379744	-3.206942
-0.827637	-0.455078	2.159668	0.226423	-0.165426	-3.080202
-0.706055	-0.516602	2.213867	0.475155	0.014003	-2.886295
-0.628418	-0.586914	2.259277	0.682591	0.101344	-2.700220
-0.606445	-0.648926	2.303711	0.914709	0.052690	-2.552120
-0.565430	-0.688477	2.343750	1.229185	-0.041297	-2.443655
-0.511230	-0.724609	2.433594	1.582585	-0.134809	-2.376014
-0.413086	-0.725586	2.540039	1.987725	-0.164239	-2.347533
-0.312012	-0.708984	2.673828	2.343735	-0.115347	-2.311457
-0.181152	-0.685059	2.860840	2.597452	-0.009256	-2.239543
-0.086426	-0.645020	3.075684	2.732024	0.159255	-2.093104
-0.010254	-0.592773	3.322266	2.738907	0.336786	-1.874514
0.000488	-0.564941	3.640137	2.609082	0.431010	-1.639072
-0.055176	-0.575684	3.860840	2.397374	0.355298	-1.379422
-0.071289	-0.620117	3.990723	2.098563	0.224999	-1.186939
-0.094727	-0.677734	3.999878	1.790495	0.152847	-1.058538
-0.083496	-0.706543	3.999878	1.451573	0.157594	-0.959567
-0.091797	-0.713867	3.999878	1.089629	0.171834	-0.888127
-0.046875	-0.708008	3.999878	0.728872	0.233305	-0.804821
-0.018066	-0.667969	3.999878	0.376422	0.312577	-0.680455
-0.024902	-0.678223	3.999878	0.078322	0.406564	-0.472307
-0.091797	-0.711914	3.970215	-0.121281	0.429111	-0.235679
-0.213379	-0.771484	3.901855	-0.206486	0.360757	-0.014952
-0.356934	-0.805176	3.812012	-0.206486	0.208859	0.139793
-0.499512	-0.854492	3.745605	-0.157119	-0.025633	0.215980
-0.603516	-0.902832	3.675293	-0.057674	-0.289318	0.223337
-0.681641	-0.943359	3.577637	0.065981	-0.526895	0.166138
-0.686523	-0.946289	3.527832	0.232356	-0.638683	0.106803
-0.650391	-0.945312	3.517090	0.360520	-0.582433	0.042484
-0.616211	-0.909180	3.604492	0.411073	-0.446200	0.020886
-0.592773	-0.868164	3.714844	0.339634	-0.284334	0.049604
-0.593750	-0.854004	3.800781	0.194144	-0.188211	0.100395
-0.632812	-0.863770	3.811035	0.035601	-0.155933	0.140268
-0.682129	-0.883789	3.802734	-0.078322	-0.173258	0.134809
-0.666504	-0.877930	3.777832	-0.149524	-0.242324	0.119145
-0.690918	-0.867676	3.699707	-0.132673	-0.275077	0.097784
-0.696777	-0.825684	3.653320	-0.141929	-0.340346	0.129350
-0.682617	-0.831543	3.607910	-0.127452	-0.301897	0.173021
output[0] = 0
output[1] = 0
output[2] = 0
output[3] = 0
output[4] = 0
output[5] = 0
output[6] = 0
output[7] = 0
output[8] = 0
output[9] = 100
output[10] = 0
output[11] = 0
output[12] = 0
Action Type: 9