1.984375	-0.541504	1.735352	-0.298099	-0.192958	0.300473
2.017090	-0.529297	1.781250	-0.339397	-0.192246	0.270568
2.049805	-0.510254	1.803711	-0.397545	-0.165189	0.261074
2.055664	-0.547852	1.755371	-0.445250	-0.076186	0.285046
2.008789	-0.579102	1.682617	-0.478003	0.063133	0.293115
2.003906	-0.584473	1.659668	-0.409887	0.200790	0.271755
2.020020	-0.569336	1.676270	-0.340109	0.234492	0.285995
1.979004	-0.607910	1.711426	-0.297862	0.251581	0.276027
1.975586	-0.595215	1.739746	-0.335599	0.250631	0.272941
2.003906	-0.609375	1.766602	-0.388763	0.238290	0.249207
2.048340	-0.642578	1.731934	-0.470883	0.219777	0.244698
2.084961	-0.642578	1.666504	-0.507671	0.234967	0.254191
2.147461	-0.617676	1.651855	-0.506247	0.245647	0.295251
2.154297	-0.608887	1.596680	-0.464712	0.297862	0.347941
2.116699	-0.609375	1.629395	-0.397545	0.449997	0.388526
2.081543	-0.637695	1.661621	-0.301185	0.582433	0.427213
2.035645	-0.638184	1.731934	-0.263448	0.701341	0.428874
2.060059	-0.632812	1.806152	-0.277688	0.771356	0.394460
2.170898	-0.637695	1.872070	-0.308305	0.806245	0.353874
2.350586	-0.650879	1.950195	-0.395172	0.867716	0.417956
2.497559	-0.680664	1.974121	-0.546357	0.922779	0.553715
2.647461	-0.712891	1.948730	-0.764948	1.021987	0.752606
2.731934	-0.734863	1.772949	-0.938443	1.124518	1.023886
2.761719	-0.753906	1.518066	-0.964788	1.245087	1.300150
2.809082	-0.778809	1.304688	-0.802922	1.369453	1.571667
2.915039	-0.751465	1.125977	-0.489396	1.590180	1.882583
2.969238	-0.736328	1.047852	-0.115110	1.884719	2.260666
2.976562	-0.729004	1.079102	0.276027	2.186616	2.675774
2.929199	-0.676270	1.193359	0.589791	2.429652	3.097765
2.748535	-0.689941	1.281738	0.764710	2.660110	3.515722
2.587402	-0.734375	1.300781	0.871276	2.840251	3.835182
2.565918	-0.710938	1.278320	0.997541	3.027513	4.116430
2.619141	-0.676758	1.288086	1.155135	3.206230	4.410969
2.642578	-0.647461	1.311523	1.275941	3.468491	4.807090
2.527344	-0.646484	1.308105	1.338362	3.630594	5.234066
2.352539	-0.591309	1.258301	1.503788	3.692065	5.619743
2.144531	-0.508301	1.241211	1.648803	3.627034	5.959377
1.956055	-0.485840	1.220703	1.795479	3.470627	6.235641
1.783691	-0.519043	1.125488	1.962567	3.257495	6.466336
1.732910	-0.521484	0.984375	2.258055	3.142385	6.589753
1.690918	-0.483398	0.852539	2.661534	3.364299	6.694895
1.615234	-0.396973	0.788574	3.116753	3.725768	6.814514
1.426270	-0.302246	0.774414	3.557968	3.940561	6.881681
1.197266	-0.210938	0.686035	4.038582	4.018883	6.890938
0.958008	-0.150391	0.641113	4.575683	4.015560	6.851777
0.667969	-0.078613	0.588867	5.142689	3.873868	6.792442
0.323730	-0.044434	0.660645	5.699015	3.478459	6.711271
0.016113	0.025879	0.776855	6.205262	2.857340	6.543234
-0.295410	0.024414	0.957031	6.665464	2.192312	6.269344
-0.558105	-0.020508	1.164062	7.066570	1.519452	5.906925
-0.770020	0.009766	1.326172	7.378435	0.940105	5.445298
-0.993164	0.005859	1.563965	7.558101	0.272941	4.865713
-1.132324	0.027832	1.750977	7.700743	-0.462339	4.152980
-1.135742	0.059570	1.904785	7.776929	-0.954345	3.379014
-1.067383	0.107422	2.174805	7.776929	-1.180056	2.587484
-1.012695	0.119141	2.425781	7.776929	-1.390339	1.785036
-0.832031	0.221191	2.703613	7.776929	-1.432823	1.013918
-0.731934	0.168457	2.898926	7.488798	-1.569769	0.319697
-0.642090	0.144531	3.014160	7.148215	-1.850780	-0.345093
-0.498535	0.185547	3.093262	6.917994	-2.245002	-0.957668
-0.312012	0.255371	3.137695	6.660006	-2.664145	-1.486700
-0.108887	0.327148	3.200195	6.459928	-3.059316	-1.911064
0.070801	0.394043	3.329590	6.334849	-3.354568	-2.256394
0.188477	0.447754	3.562012	6.250119	-3.630357	-2.560902
0.345215	0.517578	3.827637	6.152335	-3.797445	-2.912165
0.479004	0.520996	3.999878	5.881055	-3.825925	-3.295707
0.572754	0.482422	3.999878	5.570614	-3.665483	-3.706306
0.640137	0.510254	3.999878	5.274888	-3.336767	-4.133044
0.622070	0.613281	3.999878	5.098069	-2.967940	-4.553848
0.504883	0.694824	3.999878	4.871409	-2.832419	-4.968956
0.311035	0.742188	3.999878	4.427108	-3.036294	-5.445536
0.228516	0.773438	3.999878	3.846811	-3.463507	-5.958190
0.245605	0.830078	3.999878	2.984554	-3.857729	-6.435719
0.321777	0.916992	3.999878	1.901570	-4.256223	-6.949324
0.546875	0.962891	3.999878	0.875548	-4.430194	-7.518466
0.895508	1.102051	3.999878	0.151186	-4.183835	-7.777166
1.242188	1.217773	3.999878	-0.134335	-3.632968	-7.777166
1.569336	1.261719	3.999878	-0.100870	-3.010899	-7.777166
1.862305	1.344727	3.999878	0.027294	-2.423719	-7.777166
2.166016	1.455078	3.999878	0.144778	-2.017630	-7.777166
2.386719	1.586426	3.999878	-0.003323	-1.984639	-7.777166
2.333496	1.742676	3.999878	-0.722464	-2.463117	-7.777166
2.157227	1.799805	3.999878	-1.985589	-3.439061	-7.777166
2.200195	1.717773	3.999878	-3.224980	-4.425921	-7.777166
2.365723	1.673828	3.999878	-3.984943	-4.815160	-7.777166
2.533203	1.645020	3.999878	-4.292536	-4.664449	-7.634525
2.800293	1.623047	3.999878	-4.361365	-4.322204	-7.445602
3.192383	1.655762	3.999878	-4.373944	-3.871732	-7.080573
3.454102	1.600098	3.999878	-4.399577	-3.436925	-6.528757
3.629883	1.542480	3.999878	-4.624338	-3.109632	-5.857796
3.789062	1.528320	3.999878	-5.115158	-2.934950	-5.041582
3.780273	1.512207	3.999878	-5.781847	-2.688116	-4.206619
3.718262	1.565430	3.999878	-6.513804	-2.369131	-3.521893
3.635742	1.634766	3.999878	-7.070604	-2.063199	-2.937561
3.650879	1.700684	3.999878	-7.322660	-1.678945	-2.495633
3.653320	1.632812	3.759277	-7.211822	-1.237018	-2.071269
3.677734	1.505859	3.470215	-6.940305	-0.786546	-1.651176
3.713867	1.421875	3.301758	-6.594263	-0.346517	-1.126892
3.657227	1.321289	3.285645	-6.273378	-0.088528	-0.508383
3.535156	1.250488	3.339844	-6.065706	-0.068117	0.125790
3.313477	1.186035	3.390137	-6.054076	-0.187973	0.679743
3.066895	1.161621	3.335449	-6.169898	-0.402292	1.108616
2.880371	1.104004	3.161621	-6.268157	-0.634173	1.426415
2.780273	1.073242	2.965820	-6.184613	-0.781087	1.670876
2.705566	1.031738	2.787598	-6.097034	-0.809093	1.910589
2.672363	0.962402	2.690918	-5.984773	-0.750233	2.105920
2.627441	0.865234	2.603516	-5.901466	-0.572227	2.259954
2.562012	0.777832	2.419922	-5.864441	-0.233780	2.393339
2.472656	0.719727	2.240723	-5.825992	0.071914	2.502041
2.351074	0.716797	2.027344	-5.694268	0.200553	2.568022
2.207520	0.552734	1.760742	-5.523621	0.147151	2.645632
2.143066	0.402832	1.438965	-5.156455	-0.119145	2.765964
2.027344	0.259277	1.247559	-4.663024	-0.334650	2.883210
1.892578	0.173828	1.128418	-4.092696	-0.518589	2.946105
1.800293	0.126953	1.091309	-3.530437	-0.614237	3.005677
1.693359	0.082031	1.144043	-2.994285	-0.669537	3.012798
1.576660	0.040039	1.170410	-2.507025	-0.650312	3.001642
1.454590	-0.002930	1.243164	-2.099275	-0.578873	2.989064
1.338379	-0.065430	1.324707	-1.724989	-0.471120	2.938035
1.239746	-0.119141	1.420898	-1.392238	-0.447624	2.853068
1.120605	-0.116211	1.529297	-1.075151	-0.532117	2.737008
1.006836	-0.139160	1.655762	-0.847067	-0.680692	2.559240
0.976562	-0.196289	1.745605	-0.665265	-0.808381	2.321425
1.016602	-0.251465	1.793457	-0.496279	-0.835675	2.095003
1.041504	-0.255859	1.880859	-0.348416	-0.815264	1.930763
1.043945	-0.278320	1.968750	-0.201265	-0.810754	1.814941
1.014648	-0.321289	2.020508	-0.086867	-0.834726	1.705290
1.013184	-0.353516	2.068359	0.042721	-0.883855	1.598961
1.054688	-0.385742	2.132324	0.207673	-0.961228	1.477918
1.187012	-0.438965	2.213867	0.314713	-1.010120	1.383931
1.325684	-0.494141	2.299316	0.429586	-0.898808	1.401494
1.377441	-0.515625	2.425781	0.529981	-0.724363	1.484089
1.355469	-0.507324	2.520020	0.603082	-0.570803	1.566683
1.290039	-0.516602	2.619141	0.567481	-0.480139	1.598249
1.220703	-0.572754	2.664551	0.527607	-0.429349	1.586383
1.142090	-0.596680	2.722656	0.481801	-0.455693	1.506636
1.106445	-0.631348	2.765625	0.410361	-0.577212	1.363283
1.081543	-0.684570	2.770996	0.351976	-0.687575	1.171274
1.106445	-0.698242	2.779297	0.324207	-0.683303	0.978317
1.125488	-0.728027	2.775391	0.311390	-0.645566	0.795802
1.192871	-0.744629	2.790527	0.325156	-0.600234	0.621119
1.250488	-0.754883	2.759277	0.379270	-0.512418	0.467086
1.360352	-0.776367	2.775879	0.455219	-0.375472	0.358621
1.430176	-0.783203	2.819824	0.482038	-0.263922	0.299761
1.483398	-0.780273	2.863281	0.509095	-0.201265	0.295726
1.495605	-0.804688	2.899902	0.501025	-0.165426	0.302609
1.464844	-0.804199	2.940430	0.467798	-0.171122	0.295014
1.441406	-0.788086	2.953613	0.515028	-0.215505	0.265821
1.419434	-0.787109	2.971680	0.479427	-0.335124	0.211470
1.392090	-0.779785	2.996094	0.421516	-0.502924	0.133623
output[0] = 0
output[1] = 0
output[2] = 0
output[3] = 0
output[4] = 0
output[5] = 0
Action Type: 5