-0.335938	-1.091797	2.897949	-1.017478	1.626018	-1.210436
-0.315918	-1.079102	2.787109	-0.968823	1.755606	-1.258141
-0.273926	-1.099609	2.713379	-0.859884	1.871665	-1.309644
-0.228027	-1.130859	2.718262	-0.767084	1.956871	-1.345482
-0.156738	-1.093750	2.728516	-0.697068	2.021902	-1.355925
-0.125977	-1.044434	2.682129	-0.660518	2.050383	-1.334564
-0.091797	-0.982910	2.622559	-0.569617	2.027361	-1.322935
-0.035645	-0.915527	2.586914	-0.384729	1.880447	-1.291131
0.019043	-0.860352	2.526367	-0.090664	1.478867	-1.213521
0.121094	-0.780273	2.499512	0.292641	0.863681	-1.067082
0.242676	-0.691406	2.430176	0.769932	0.262736	-0.867479
0.400391	-0.573730	2.357422	1.233220	-0.082594	-0.594537
0.590820	-0.487305	2.342285	1.602047	-0.056724	-0.262973
0.768066	-0.437012	2.438477	1.785748	0.215268	0.138844
0.917480	-0.411133	2.485352	1.840811	0.642955	0.595487
1.031250	-0.340820	2.550781	1.848881	1.139471	1.064946
1.096191	-0.242188	2.640625	1.780052	1.626493	1.581873
1.149902	-0.106445	2.742188	1.677046	2.068895	2.124907
1.123535	-0.004395	2.832520	1.579974	2.491124	2.643259
1.101074	0.098633	2.870605	1.482665	2.773084	3.178699
1.168457	0.207520	2.940918	1.376336	3.010662	3.799106
1.215332	0.276367	3.023438	1.295878	3.142148	4.497124
1.217773	0.316895	3.100586	1.240578	3.169679	5.279160
1.165527	0.418945	3.145996	1.180768	3.064538	6.113173
1.067871	0.550293	3.162598	1.149914	2.885821	7.030969
0.875000	0.697754	3.176758	1.236780	2.591993	7.776929
0.608398	0.814941	3.198730	1.427364	1.961617	7.776929
0.281738	0.924316	3.205566	1.772932	1.165341	7.776929
-0.074219	1.080566	3.322266	2.212723	0.402766	7.776929
-0.534180	1.160156	3.503418	2.676486	-0.321596	7.776929
-1.026855	1.147949	3.704102	3.086136	-0.928475	7.776929
-1.469238	1.184570	3.990723	3.353856	-1.325546	7.776929
-1.875488	1.187988	3.999878	3.516671	-1.351890	7.776929
-2.241699	1.232422	3.999878	3.378302	-1.063285	7.776929
-2.580078	1.288086	3.999878	3.019918	-0.699442	7.776929
-2.889648	1.349609	3.999878	2.535032	-0.403241	7.776929
-3.222168	1.406250	3.999878	1.970636	-0.061946	7.776929
-3.527832	1.408203	3.999878	1.318900	0.258938	7.776929
-3.706055	1.367188	3.999878	0.599522	0.766609	7.776929
-3.738281	1.320312	3.999878	-0.163290	1.332666	7.776929
-3.902344	1.498535	3.999878	-0.876023	2.087883	7.776929
-4.000000	1.500000	3.999878	-1.600386	2.290097	7.776929
-4.000000	1.392090	3.999878	-2.317153	2.040652	7.776929
-4.000000	1.279297	3.999878	-2.933289	1.308694	7.776929
-4.000000	1.215332	3.999878	-3.426482	0.273416	7.776929
-4.000000	1.143066	3.999878	-3.769439	-0.720565	7.025984
-4.000000	1.158691	3.999878	-4.115955	-1.291368	5.817210
-4.000000	1.136719	3.999878	-4.524892	-1.641208	4.453928
-4.000000	1.042969	3.999878	-5.016424	-1.808296	3.053383
-4.000000	0.937500	3.999878	-5.533826	-1.869055	1.744451
-4.000000	0.912598	3.999878	-6.075437	-1.843897	0.780612
-4.000000	0.885742	3.999878	-6.565544	-1.778391	0.032753
-4.000000	0.915527	3.999878	-6.961665	-1.823011	-0.622069
-3.826172	0.934570	3.999878	-7.312929	-1.952361	-1.247223
-3.601074	0.854980	3.645020	-7.510396	-2.046585	-1.875938
-3.370117	0.786133	3.300781	-7.538877	-2.189939	-2.433925
-3.133301	0.768066	3.017578	-7.451061	-2.310508	-2.923083
-2.919434	0.748535	2.754883	-7.306758	-2.313118	-3.337242
-2.719238	0.698730	2.512695	-7.111902	-2.210350	-3.684945
-2.518066	0.656250	2.358887	-6.896159	-2.126806	-3.948630
-2.308594	0.635742	2.112793	-6.626541	-2.089307	-4.094832
-2.209473	0.595215	1.885742	-6.299961	-2.126569	-4.108598
-2.136230	0.436035	1.587402	-5.846403	-2.158135	-4.078693
-2.067383	0.285156	1.359375	-5.205347	-2.064386	-4.122126
-1.968262	0.213379	1.245605	-4.513975	-1.985826	-4.229167
-1.837402	0.205078	1.229004	-3.882887	-1.891365	-4.334783
-1.742188	0.195312	1.282715	-3.336055	-1.869529	-4.415716
-1.645508	0.164062	1.246094	-2.815805	-2.088832	-4.482883
-1.556641	0.171387	1.149902	-2.248799	-2.371267	-4.506380
-1.450684	0.229980	1.090820	-1.692236	-2.602911	-4.494987
-1.341797	0.238281	1.087402	-1.179819	-2.751723	-4.463184
-1.239258	0.225098	1.079590	-0.745248	-2.838827	-4.409070
-1.138672	0.180176	1.061523	-0.382118	-2.847371	-4.352583
-1.040039	0.149902	1.050293	-0.074288	-2.756707	-4.291350
-0.995117	0.117188	1.047852	0.176819	-2.621186	-4.253850
-0.988281	0.084473	1.037598	0.415820	-2.466915	-4.264768
-0.954590	0.095215	1.026367	0.606642	-2.251173	-4.324815
-0.906250	0.134766	1.049805	0.777764	-1.974196	-4.406460
-0.869141	0.152344	1.113281	0.949361	-1.745163	-4.504481
-0.830566	0.179199	1.194336	1.114075	-1.628392	-4.624813
-0.791504	0.208008	1.210938	1.261938	-1.566446	-4.755825
-0.743164	0.269531	1.150391	1.434247	-1.441130	-4.870223
-0.705566	0.329590	1.146484	1.628866	-1.205214	-4.956614
-0.639648	0.410645	1.227539	1.861935	-1.052604	-4.926472
-0.641602	0.412109	1.178711	2.134401	-0.992320	-4.836758
-0.724121	0.403809	1.175293	2.691439	-0.649363	-4.911520
-0.837402	0.381836	1.222168	3.420074	-0.464475	-5.028291
-0.859863	0.293457	1.282227	4.213502	-0.425314	-5.229793
-0.828125	0.208496	1.429688	5.005981	-0.288131	-5.464048
-0.828125	0.116211	1.743652	5.792527	-0.165189	-5.691658
-0.758789	0.011719	2.121582	6.462301	-0.214556	-5.937067
-0.670410	-0.081543	2.502441	6.975905	-0.304982	-6.184376
-0.587891	-0.066895	2.955078	7.420444	-0.466611	-6.475830
-0.503906	0.016113	3.394531	7.712847	-0.703002	-6.800986
-0.387207	0.169922	3.754883	7.776929	-0.853001	-7.104782
-0.269043	0.374512	3.999878	7.776929	-0.751419	-7.365618
-0.156250	0.679199	3.999878	7.776929	-0.402529	-7.540775
0.053223	0.961426	3.999878	7.776929	0.343194	-7.701218
0.307617	1.115723	3.999878	7.639034	1.373013	-7.719967
0.450684	1.316895	3.999878	6.660006	2.188277	-7.503750
0.533203	1.475098	3.999878	5.290315	2.118025	-7.128753
1.308594	0.839355	3.999878	3.856542	1.059724	-6.366179
1.235352	-1.061523	3.999878	3.011374	1.820637	-6.528519
1.109375	0.150879	3.999878	2.564224	2.020478	-6.939355
1.140625	1.486328	3.999878	2.203705	2.409479	-6.922504
1.583984	1.821289	3.999878	1.696271	2.491361	-6.145215
1.757324	1.879395	3.999878	0.984250	1.777916	-4.764132
1.645508	1.942383	3.999878	0.392323	0.650550	-3.192227
1.485352	1.554199	3.999878	-0.108227	-0.583145	-1.601572
1.095215	1.014160	3.999878	-0.410599	-1.570955	-0.574601
0.648438	0.730957	3.999878	-0.831166	-2.498481	-0.269619
0.441895	0.614258	3.999878	-1.434247	-3.008525	-0.401817
0.419922	0.502441	3.999878	-2.067234	-3.037006	-0.666452
0.486328	0.439453	3.999878	-2.684556	-2.737008	-0.920643
0.551270	0.423340	3.970215	-3.112955	-2.141284	-1.128316
0.603516	0.436523	3.439941	-3.248477	-1.356400	-1.220166
0.658203	0.413086	3.062012	-3.077829	-0.537576	-1.219217
0.656738	0.384277	2.953125	-2.735584	0.027057	-1.090341
0.706543	0.226562	2.822266	-2.242628	0.404428	-0.905691
0.697754	0.090820	2.841797	-1.537965	0.655771	-0.664790
0.640625	-0.012207	3.037598	-0.803397	0.620408	-0.393273
0.596191	-0.065918	3.270020	-0.212657	0.362893	-0.128401
0.500000	-0.038086	3.486816	0.143591	0.093749	0.102294
0.399414	-0.022461	3.625977	0.344143	-0.079034	0.288131
0.305176	-0.056152	3.752441	0.410599	-0.156407	0.429349
0.200684	-0.094727	3.798340	0.430061	-0.210996	0.530930
0.086426	-0.115723	3.835938	0.472307	-0.312102	0.593351
-0.008789	-0.154785	3.823730	0.582670	-0.416058	0.618034
-0.100586	-0.166992	3.862305	0.713920	-0.495329	0.603319
-0.150879	-0.149902	3.903809	0.818587	-0.547781	0.557038
-0.188477	-0.128906	3.956543	0.838998	-0.523335	0.486073
-0.183105	-0.106445	3.983398	0.824995	-0.442165	0.393273
-0.142578	-0.101074	3.999878	0.759252	-0.310204	0.316612
-0.135742	-0.087402	3.999878	0.692796	-0.146202	0.238290
-0.107422	-0.087402	3.999878	0.622544	-0.032990	0.149287
-0.055176	-0.041992	3.999878	0.557987	0.070727	0.085680
-0.003418	-0.034180	3.999878	0.439792	0.132436	0.056487
0.017578	-0.026367	3.999878	0.301897	0.156407	0.062420
0.050293	-0.020020	3.999878	0.154271	0.217404	0.063845
0.072266	-0.029785	3.999878	-0.005459	0.320884	0.068117
0.089355	-0.025391	3.999878	-0.165426	0.440504	0.089003
0.071777	-0.023926	3.999878	-0.318511	0.538525	0.131249
0.051270	-0.035645	3.999878	-0.431722	0.588604	0.168749
0.025391	-0.062500	3.999878	-0.480614	0.615423	0.208147
0.004395	-0.065918	3.999878	-0.480377	0.631325	0.240188
-0.048828	-0.075195	3.999878	-0.467798	0.691847	0.246122
-0.079102	-0.094238	3.999878	-0.474918	0.805058	0.222388
-0.126465	-0.097168	3.999878	-0.527370	0.896197	0.179904
-0.115234	-0.093750	3.999878	-0.609965	0.971196	0.126265
-0.104980	-0.116699	3.999878	-0.703239	1.020563	0.086155
output[0] = 0
output[1] = 0
output[2] = 0
output[3] = 0
output[4] = 100
output[5] = 0
Action Type: 4