-0.074219	-0.628906	3.017578	-2.888669	0.521674	-0.984962
-0.019531	-0.618164	3.006836	-2.851644	0.580534	-0.952684
0.025391	-0.617188	2.962402	-2.817941	0.599047	-0.931798
0.106445	-0.641113	2.900879	-2.751249	0.587655	-0.894298
0.182617	-0.598633	2.863770	-2.680047	0.529032	-0.800549
0.270020	-0.554199	2.747559	-2.568022	0.532354	-0.681167
0.336914	-0.512695	2.690430	-2.418972	0.587180	-0.511468
0.412109	-0.486328	2.669922	-2.247612	0.638920	-0.288368
0.479980	-0.481934	2.686523	-2.099275	0.683065	-0.025395
0.516113	-0.478027	2.708008	-1.985351	0.698018	0.259176
0.537598	-0.493652	2.776855	-1.909640	0.693746	0.559886
0.560059	-0.454102	2.805664	-1.899434	0.674521	0.862495
0.549316	-0.416992	2.800293	-1.925067	0.647939	1.169850
0.535156	-0.346191	2.760254	-1.981791	0.615186	1.478155
0.514160	-0.283691	2.707031	-2.034006	0.609727	1.768185
0.512207	-0.239746	2.595703	-2.051807	0.649363	2.043500
0.535156	-0.167969	2.459473	-2.017630	0.706325	2.314780
0.586426	-0.092773	2.332520	-1.922694	0.762337	2.588196
0.645020	0.026367	2.202148	-1.758692	0.827131	2.881311
0.724121	0.140137	2.084473	-1.480054	0.879346	3.209790
0.856934	0.285645	1.962891	-1.093664	0.900944	3.595705
1.024902	0.428711	1.889648	-0.599996	0.837574	4.087237
1.229492	0.577148	2.000977	-0.000712	0.623018	4.701711
1.402344	0.773438	2.220215	0.539949	0.254903	5.535488
1.577637	1.046875	2.494629	0.993981	-0.283859	6.575275
1.697266	1.368652	2.666016	1.332666	-0.916371	7.776929
1.777344	1.694824	2.773438	1.545797	-1.380846	7.776929
1.766602	2.006836	2.829102	1.677521	-1.577126	7.776929
1.567383	2.451660	3.065430	1.816840	-1.770796	7.776929
1.204102	2.864258	3.360840	1.856001	-2.099512	7.776929
0.629883	3.223145	3.647461	1.899434	-2.685743	7.776929
-0.248535	3.522461	3.869629	1.890890	-3.450928	7.776929
-1.235352	3.616699	3.999878	1.954735	-4.051399	7.776929
-2.381836	3.593750	3.999878	1.970874	-4.648072	7.776929
-3.404297	3.487793	3.999878	1.855289	-5.029241	7.776929
-4.000000	3.297852	3.999878	1.610116	-4.856220	7.776929
-4.000000	2.997559	3.999878	1.229660	-3.869596	7.776929
-4.000000	2.656250	3.999878	0.751419	-2.782340	7.776929
-4.000000	2.180664	3.999878	0.038686	-1.554816	7.776929
-4.000000	1.819336	3.999878	-0.622781	-0.361944	7.776929
-4.000000	1.565430	3.999878	-1.405292	0.978079	7.776929
-4.000000	1.361816	3.999878	-2.191838	2.066759	7.776929
-4.000000	1.182129	3.999878	-2.891517	2.975060	7.776929
-4.000000	0.943848	3.999878	-3.321577	3.579092	5.888650
-4.000000	0.674805	3.999878	-3.381150	3.759233	4.307014
-4.000000	0.591309	3.999878	-3.428143	3.516671	2.760742
-4.000000	0.699219	3.999878	-3.542541	3.062639	1.574515
-4.000000	0.769531	3.999878	-3.671180	2.484003	0.515266
-4.000000	0.885742	3.999878	-3.852033	1.862172	-0.284808
-4.000000	0.961914	3.999878	-4.067538	1.318425	-0.801735
-4.000000	1.042480	3.999878	-4.425921	0.825469	-1.236543
-4.000000	1.054199	3.999878	-4.734464	0.507908	-1.542237
-3.974609	1.034668	3.999878	-5.085728	0.273891	-1.863121
-3.842773	0.970703	3.784180	-5.383590	0.174208	-2.171901
-3.680664	0.902344	3.470703	-5.494665	0.141217	-2.540253
-3.524902	0.818359	3.246582	-5.487308	0.179667	-2.923320
-3.345703	0.730957	3.045898	-5.454080	0.260837	-3.298793
-3.198730	0.620117	2.916504	-5.285568	0.367165	-3.657651
-3.027344	0.527344	2.819336	-5.057959	0.458779	-4.019358
-2.833496	0.457520	2.727051	-4.828213	0.557512	-4.380827
-2.602539	0.470703	2.699707	-4.608911	0.652923	-4.688657
-2.361328	0.460449	2.694824	-4.437788	0.744536	-4.896567
-2.159180	0.446777	2.687988	-4.297283	0.845643	-4.991029
-2.017090	0.419434	2.690918	-4.264768	0.953633	-5.025681
-1.870605	0.378906	2.677246	-4.251951	1.054740	-5.020222
-1.798340	0.377441	2.670898	-4.235812	1.133300	-4.979162
-1.750488	0.348145	2.610840	-4.230116	1.173410	-4.930032
-1.761230	0.295898	2.507324	-4.148708	1.116449	-4.893007
-1.756836	0.252441	2.379883	-4.016035	0.958380	-4.898466
-1.752930	0.217285	2.223633	-3.784391	0.751894	-4.924336
-1.710449	0.177734	2.051758	-3.483206	0.485361	-4.958038
-1.691895	0.127441	1.852539	-3.099901	0.183227	-4.993639
-1.666504	0.074219	1.713867	-2.628306	-0.075712	-5.013339
-1.673340	0.031250	1.583496	-2.120398	-0.316612	-5.049889
-1.750488	-0.034180	1.505371	-1.600386	-0.560835	-5.085728
-1.836426	-0.080566	1.425781	-1.141607	-0.704901	-5.220537
-1.857910	-0.087891	1.380859	-0.675708	-0.756878	-5.418242
-1.804688	-0.050293	1.354980	-0.268669	-0.756404	-5.628050
-1.712402	-0.017578	1.354492	0.070490	-0.755454	-5.799172
-1.571777	0.029785	1.318848	0.370963	-0.778476	-5.914045
-1.421387	0.089844	1.230957	0.666689	-0.794853	-5.952494
-1.280762	0.117188	1.103516	0.974994	-0.745723	-5.916419
-1.159668	0.126465	0.970703	1.333140	-0.620408	-5.847827
-1.041992	0.151855	0.875977	1.719768	-0.347941	-5.752654
-0.905273	0.155762	0.806641	2.115177	-0.030617	-5.605028
-0.827637	0.167480	0.844238	2.540490	0.240426	-5.422988
-0.713379	0.224609	0.843262	2.972450	0.440029	-5.219350
-0.689453	0.219238	0.907227	3.394203	0.485836	-5.076946
-0.542480	0.284668	0.867188	3.757334	0.585281	-4.927659
-0.436523	0.328613	0.849121	4.163898	0.634411	-4.746094
-0.316895	0.349609	0.847168	4.614607	0.581721	-4.540082
-0.256836	0.392578	0.854004	5.102104	0.425076	-4.312473
-0.189453	0.389648	0.838867	5.633509	0.427213	-4.054247
-0.125488	0.579102	0.870605	6.084455	0.597860	-3.751875
-0.069824	0.729980	0.892090	6.507633	0.902842	-3.343650
-0.071289	0.844727	1.021973	6.973295	1.215894	-2.917150
-0.104980	0.924805	1.177246	7.411663	1.455608	-2.485190
-0.127930	0.987793	1.314453	7.727562	1.679183	-2.056554
-0.217773	1.046875	1.494629	7.776929	1.903944	-1.602047
-0.308105	1.085938	1.687500	7.776929	1.998405	-1.276179
-0.395508	1.114746	1.897461	7.776929	2.059402	-0.995880
-0.500977	1.118652	2.165039	7.776929	2.183056	-0.788207
-0.655762	1.145508	2.536133	7.776929	2.185667	-0.643904
-0.862305	1.169434	3.068848	7.776929	1.899909	-0.623730
-1.042969	1.196289	3.528320	7.776929	1.499041	-0.757353
-1.184570	1.263672	3.999878	7.776929	0.994693	-1.089155
-1.234375	1.331543	3.999878	7.776929	0.731720	-1.518978
-1.102539	1.491699	3.999878	7.776929	0.881007	-2.029734
-0.916016	1.740234	3.999878	7.776929	1.191448	-2.330207
-0.703125	1.813965	3.999878	7.776929	1.586857	-2.430365
-0.563477	1.678223	3.999878	7.776929	1.976333	-2.384083
-0.489258	1.485352	3.999878	6.786508	2.009798	-2.237644
-0.469238	1.249023	3.999878	5.033750	1.641208	-2.056791
-0.431152	1.068848	3.999878	3.693964	0.973095	-1.904418
-0.300293	0.970215	3.999878	2.550459	0.068354	-1.635037
-0.144043	0.902832	3.999878	1.783612	-0.797938	-1.198094
-0.034180	0.765625	3.999878	1.385593	-1.382982	-0.642955
-0.075195	0.583008	3.999878	1.230847	-1.674436	-0.077610
-0.220703	0.417969	3.999878	1.220404	-1.796191	0.405377
-0.368652	0.267578	3.999878	1.215420	-1.793343	0.727923
-0.538574	0.118164	3.999878	1.152050	-1.706951	0.907352
-0.688965	0.004395	3.999878	0.946988	-1.516842	0.939868
-0.799805	-0.057129	3.999878	0.622544	-1.250783	0.876498
-0.893555	-0.107910	3.999878	0.180141	-0.960279	0.752843
-0.967773	-0.141602	3.999878	-0.273891	-0.643904	0.590028
-1.038574	-0.162109	3.999878	-0.693508	-0.348653	0.394222
-1.086914	-0.219727	3.999878	-1.008222	-0.119857	0.158069
-1.093262	-0.219727	3.999878	-1.214233	0.018513	-0.096360
-1.046875	-0.221680	3.999878	-1.332666	0.098734	-0.343194
-0.971680	-0.199707	3.999878	-1.392238	0.134335	-0.546120
-0.879883	-0.157715	3.999878	-1.448725	0.147863	-0.700391
-0.781250	-0.119629	3.999878	-1.450387	0.145964	-0.781562
-0.676758	-0.062988	3.889648	-1.352128	0.131487	-0.800549
-0.642090	-0.098145	3.806152	-1.279739	0.114873	-0.764948
-0.627441	-0.113281	3.722656	-1.225863	0.082832	-0.766372
-0.600586	-0.081543	3.640137	-1.130926	0.047943	-0.760913
-0.567383	-0.037598	3.599609	-0.940342	-0.037500	-0.701103
-0.551758	-0.021484	3.585449	-0.804584	-0.164477	-0.643667
-0.537109	0.004395	3.575195	-0.745011	-0.292403	-0.595012
-0.536621	-0.007324	3.549316	-0.689948	-0.404428	-0.542797
-0.519531	0.001953	3.594238	-0.701341	-0.521437	-0.465424
-0.547852	0.003418	3.654297	-0.793191	-0.649126	-0.410124
-0.558105	0.000488	3.603027	-0.926814	-0.749283	-0.379270
-0.546875	-0.017578	3.516602	-1.076338	-0.789631	-0.357909
-0.529297	0.007324	3.452637	-1.213758	-0.768983	-0.340583
-0.472168	0.035156	3.403320	-1.362571	-0.703239	-0.298811
-0.405273	0.030762	3.414062	-1.561699	-0.514791	-0.231881
-0.340332	0.042969	3.502930	-1.850067	-0.240426	-0.124366
-0.296387	0.024414	3.582520	-2.245951	0.076186	0.003560
-0.280762	0.064941	3.726074	-2.775457	0.294302	0.166850
output[0] = 0
output[1] = 0
output[2] = 0
output[3] = 0
output[4] = 0
output[5] = 0
output[6] = 0
output[7] = 0
output[8] = 0
output[9] = 0
output[10] = 0
output[11] = 0
output[12] = 0
Action Type: 0