-1.585449	-0.798340	2.511719	-1.431637	2.386219	-1.988674
-1.503906	-0.752930	2.461426	-1.533456	2.366757	-1.963516
-1.479980	-0.727051	2.414062	-1.514706	2.366995	-1.920320
-1.471680	-0.738281	2.332031	-1.518978	2.373166	-1.873802
-1.441406	-0.726074	2.262207	-1.518266	2.426804	-1.839387
-1.419434	-0.721191	2.207520	-1.577838	2.490886	-1.822299
-1.337891	-0.693848	2.180664	-1.595164	2.441994	-1.793106
-1.232910	-0.664551	2.105957	-1.603234	2.338039	-1.695796
-1.112793	-0.659180	2.012695	-1.585196	2.201331	-1.509247
-1.041504	-0.672852	1.895996	-1.493820	1.982266	-1.292555
-1.015625	-0.675293	1.706543	-1.405292	1.794055	-1.069218
-0.998535	-0.707520	1.490723	-1.207825	1.643344	-0.833064
-0.971680	-0.697754	1.330078	-0.933459	1.558851	-0.597860
-0.941406	-0.696777	1.187500	-0.592639	1.473408	-0.365741
-0.959961	-0.680664	1.121582	-0.203163	1.321985	-0.139556
-0.966309	-0.640137	1.119629	0.223575	1.087731	0.046519
-0.951172	-0.584961	1.177246	0.623018	0.712496	0.210046
-0.934082	-0.566895	1.259277	0.972383	0.254903	0.368115
-0.869141	-0.530273	1.314453	1.265736	-0.139793	0.515740
-0.796387	-0.464355	1.386230	1.501415	-0.454744	0.689948
-0.693359	-0.395020	1.438477	1.641208	-0.700866	0.911861
-0.585449	-0.354492	1.447754	1.725701	-0.795565	1.202841
-0.456543	-0.329590	1.412598	1.703391	-0.745486	1.541762
-0.422852	-0.298340	1.265625	1.676334	-0.615423	1.912013
-0.423828	-0.261719	1.080566	1.798565	-0.496279	2.270160
-0.483887	-0.219727	0.922852	2.055841	-0.413447	2.618101
-0.538086	-0.107422	0.844238	2.461219	-0.508383	2.922371
-0.530762	0.046875	0.858887	2.941596	-0.792242	3.241831
-0.520996	0.155762	0.945312	3.370469	-1.219217	3.572209
-0.533203	0.208984	1.000000	3.887397	-1.759404	3.866273
-0.619629	0.221680	1.052246	4.424498	-2.397374	4.105275
-0.770020	0.241699	1.066406	4.936203	-2.993573	4.211366
-0.841309	0.272949	1.099609	5.407324	-3.432652	4.185733
-0.848633	0.309082	1.118164	5.825280	-3.706069	4.094832
-0.729004	0.391113	1.169434	6.034140	-3.714850	4.018171
-0.556152	0.436035	1.151855	6.165389	-3.455912	4.027665
-0.336914	0.552246	1.117188	6.342444	-2.844523	4.226793
-0.284668	0.659668	1.245605	6.604231	-2.230049	4.578769
-0.394043	0.816406	1.529297	6.762300	-1.926016	4.977263
-0.571289	0.920898	1.807129	6.806682	-1.907979	5.368875
-0.771973	0.967285	2.042480	6.817600	-2.216758	5.708983
-1.022949	0.966309	2.169434	6.943390	-2.871580	5.947035
-1.263672	0.984375	2.227051	7.109291	-3.628221	6.111750
-1.533691	0.989258	2.276367	7.347343	-4.116192	6.172509
-1.861816	1.003418	2.444336	7.588006	-4.293248	6.193395
-2.234375	0.979492	2.663574	7.663006	-4.170069	6.165151
-2.579590	0.962891	2.937012	7.645442	-3.989453	6.074962
-2.982910	1.027832	3.142578	7.621471	-3.937713	5.944188
-3.354004	1.148438	3.367188	7.629066	-3.837555	5.714442
-3.713379	1.289551	3.654297	7.677246	-3.641987	5.321406
-4.000000	1.420410	3.999878	7.698370	-3.412004	4.746094
-4.000000	1.370117	3.999878	7.606756	-3.326561	4.087474
-4.000000	1.270996	3.999878	7.259527	-3.472763	3.162085
-4.000000	1.208496	3.999878	6.867679	-3.757571	2.121822
-4.000000	1.228027	3.999878	6.229470	-3.982333	0.858222
-4.000000	1.268555	3.999878	5.296011	-3.995149	-0.721989
-4.000000	1.318848	3.999878	4.301555	-3.791511	-2.122772
-4.000000	1.403320	3.999878	3.116990	-3.377590	-3.435501
-4.000000	1.482910	3.999878	2.192075	-2.840251	-4.478611
-4.000000	1.559570	3.999878	1.338837	-2.089781	-5.540234
-3.985840	1.647461	3.999878	0.778951	-1.448013	-6.390387
-3.721680	1.642090	3.999878	0.385915	-0.812890	-7.140857
-3.415039	1.583008	3.999878	0.070490	-0.196992	-7.777166
-3.149414	1.566406	3.999878	-0.229271	0.112737	-7.777166
-2.895508	1.602051	3.999878	-0.583382	0.007595	-7.777166
-2.638672	1.674805	3.999878	-0.990658	-0.502449	-7.777166
-2.283691	1.758789	3.999878	-1.417871	-1.269771	-7.777166
-1.897461	1.895020	3.999878	-1.775068	-2.034718	-7.777166
-1.487793	1.957031	3.999878	-2.161221	-2.814618	-7.777166
-1.098145	1.886230	3.999878	-2.664619	-3.585974	-7.777166
-0.761230	1.845703	3.999878	-3.205281	-3.903773	-7.777166
-0.458008	1.580078	3.999878	-3.702271	-3.732176	-7.552642
-0.309082	1.300781	3.999878	-3.958124	-3.323713	-7.147028
-0.233398	1.083496	3.999878	-4.040719	-2.879175	-6.856761
-0.111328	0.924805	3.999878	-4.087712	-2.384558	-6.680417
0.040039	0.827637	3.999878	-4.146810	-1.891602	-6.586905
0.290527	0.713867	3.940918	-4.244831	-1.219929	-6.495292
0.513184	0.712402	3.884766	-4.384387	-0.787020	-6.343156
0.787109	0.728027	3.752441	-4.518247	-0.347941	-6.061908
1.014648	0.750000	3.604492	-4.585414	0.131724	-5.710645
1.289551	0.810059	3.544922	-4.651870	0.407513	-5.210568
1.538086	0.862305	3.417969	-4.663262	0.531880	-4.533199
1.781250	0.807617	3.304688	-4.616031	0.576500	-3.881938
1.964844	0.761719	3.205566	-4.507804	0.324682	-3.084474
2.088379	0.772949	3.037598	-4.327188	-0.093512	-2.217708
2.191406	0.817383	2.889648	-4.048551	-0.406089	-1.354738
2.248535	0.858398	2.787109	-3.832096	-0.619221	-0.589316
2.379395	0.869141	2.704590	-3.581228	-0.645803	0.268432
2.504883	0.852539	2.707031	-3.369995	-0.513842	1.154186
2.611328	0.954102	2.775879	-3.244916	-0.455456	2.109718
2.697266	1.119141	2.821777	-3.210265	-0.416532	3.153066
2.704102	1.232422	2.803711	-3.178699	-0.543035	4.159151
2.645996	1.371094	2.759277	-3.143335	-0.949124	5.355821
2.540039	1.540039	2.606445	-3.001405	-1.391526	6.529469
2.404785	1.666504	2.408691	-2.711613	-1.877599	7.776929
2.067871	1.782715	2.289551	-2.358688	-2.210350	7.776929
1.644531	1.915527	2.254883	-2.094291	-2.356552	7.776929
1.048340	2.026855	2.352539	-1.780290	-2.500854	7.776929
0.403809	2.054688	2.487305	-1.480766	-2.774745	7.776929
-0.423340	2.044922	2.678711	-1.255055	-3.186293	7.776929
-1.252930	1.908691	2.862305	-1.096987	-3.628458	7.776929
-1.950195	1.755859	2.883789	-1.051892	-3.904960	7.776929
-2.471680	1.689453	2.886719	-1.040737	-3.811685	7.776929
-2.840332	1.663086	2.894043	-1.024123	-3.437399	7.776929
-3.221191	1.611328	2.856445	-1.128078	-2.882735	7.776929
-3.477051	1.439941	2.801270	-1.306084	-2.139860	7.776929
-3.756836	1.292480	2.683594	-1.474833	-1.417396	7.776929
-3.889160	1.196289	2.594727	-1.450149	-0.836625	7.776929
-4.000000	1.094727	2.566406	-1.229660	-0.363368	7.776929
-4.000000	1.012695	2.680664	-0.969772	-0.083544	7.776929
-4.000000	0.976074	2.837891	-0.790343	-0.077610	7.776929
-4.000000	0.912598	2.959473	-0.709173	-0.225473	7.776929
-4.000000	0.877441	3.045410	-0.594300	-0.429823	7.053516
-4.000000	0.854980	3.143555	-0.550155	-0.551341	6.359533
-4.000000	0.811523	3.173828	-0.605218	-0.566057	5.720613
-4.000000	0.693848	3.209961	-0.643430	-0.580297	5.021646
-4.000000	0.610352	3.208008	-0.679743	-0.585993	4.276397
-4.000000	0.593262	3.186523	-0.691372	-0.474206	3.485817
-4.000000	0.621094	3.148926	-0.707274	-0.317087	2.746027
-3.797363	0.658691	3.115234	-0.725075	-0.235916	2.126332
-3.562012	0.652344	2.993164	-0.563920	-0.142167	1.645005
-3.394043	0.652832	2.959961	-0.360045	-0.165426	1.233695
-3.201172	0.645508	2.998047	-0.133385	-0.257277	0.863681
-3.007812	0.652344	3.024902	0.045569	-0.383779	0.527845
-2.788574	0.663574	3.042969	0.181328	-0.389713	0.234967
-2.567871	0.655273	3.091309	0.264872	-0.281723	-0.010443
-2.412598	0.661621	3.178711	0.299761	-0.149762	-0.195331
-2.286133	0.675781	3.235352	0.318036	-0.049841	-0.345567
-2.154297	0.707031	3.227539	0.333938	0.063133	-0.467798
-2.042969	0.707520	3.231445	0.351264	0.221913	-0.571041
-1.921875	0.691406	3.239746	0.348890	0.398257	-0.640819
-1.822754	0.685059	3.250488	0.346992	0.563209	-0.690898
-1.737793	0.682617	3.281738	0.346992	0.656958	-0.715818
-1.658691	0.740234	3.347168	0.316612	0.660043	-0.695882
-1.590332	0.729980	3.397949	0.276739	0.596911	-0.613050
-1.513672	0.689453	3.406250	0.250394	0.464950	-0.495092
-1.495117	0.612305	3.417969	0.240188	0.367403	-0.400156
-1.473145	0.572266	3.407227	0.149762	0.282672	-0.315188
-1.458008	0.555176	3.434082	0.093987	0.159730	-0.230457
-1.446777	0.528320	3.443848	0.043433	0.029430	-0.141692
-1.473145	0.506348	3.464355	-0.001187	-0.162578	-0.067879
-1.458984	0.494629	3.403320	-0.044857	-0.358384	-0.015190
-1.463867	0.475586	3.357910	-0.079509	-0.478715	0.029668
-1.477051	0.452148	3.293457	-0.106566	-0.534016	0.050316
-1.485352	0.407227	3.231934	-0.139556	-0.518589	0.054114
-1.514160	0.395508	3.210938	-0.146914	-0.430535	0.027531
-1.506836	0.375488	3.185059	-0.157831	-0.327055	-0.028956
-1.484375	0.376465	3.195801	-0.176344	-0.273653	-0.084730
-1.458496	0.390625	3.198730	-0.182515	-0.270331	-0.136708
-1.430176	0.393066	3.198730	-0.184651	-0.257752	-0.177293
output[0] = 0
output[1] = 0
output[2] = 100
output[3] = 0
output[4] = 0
output[5] = 0
output[6] = 0
output[7] = 0
output[8] = 0
output[9] = 0
output[10] = 0
output[11] = 0
output[12] = 0
Action Type: 2