0.334961	-1.062988	3.104492	-0.929425	-0.624442	1.389390
0.334473	-1.045898	3.098145	-0.856086	-0.531642	1.384406
0.280273	-1.051270	3.145020	-0.794853	-0.457592	1.363520
0.258789	-1.062988	3.143066	-0.766134	-0.415583	1.327919
0.251465	-1.064453	3.155273	-0.779900	-0.349602	1.267635
0.256348	-1.072754	3.156738	-0.763761	-0.319697	1.213758
0.244141	-1.111328	3.187988	-0.796277	-0.356722	1.199518
0.250488	-1.151855	3.196289	-0.829979	-0.454744	1.187413
0.249023	-1.154297	3.194336	-0.874362	-0.566531	1.194059
0.252930	-1.155273	3.172363	-0.942716	-0.647939	1.192872
0.230957	-1.145996	3.128906	-0.974519	-0.649363	1.192160
0.209473	-1.138184	3.055176	-0.971434	-0.613525	1.191211
0.175293	-1.137695	2.992188	-0.869377	-0.506009	1.166290
0.108398	-1.128418	2.943848	-0.751182	-0.357197	1.104582
0.032227	-1.134766	2.916992	-0.671910	-0.201977	1.006797
-0.056641	-1.141602	2.924316	-0.553952	-0.103718	0.855612
-0.105469	-1.153809	2.958496	-0.397545	-0.065506	0.694220
-0.126953	-1.164551	2.997559	-0.377608	-0.112974	0.534253
-0.105469	-1.163574	2.960938	-0.358621	-0.192008	0.402529
-0.067871	-1.125977	2.946777	-0.337498	-0.255141	0.317561
-0.039551	-1.082031	2.885254	-0.285520	-0.292166	0.276976
-0.044434	-1.059082	2.841797	-0.193670	-0.308542	0.251818
-0.070312	-1.045410	2.846680	-0.106328	-0.351026	0.232119
-0.157715	-1.025391	2.866211	0.013528	-0.407751	0.163527
-0.243652	-1.036133	2.937012	0.089715	-0.528082	0.050791
-0.281738	-1.053711	2.998535	0.100870	-0.673809	-0.090901
-0.314941	-1.056152	3.024414	0.042247	-0.793429	-0.252055
-0.335938	-1.024414	3.008789	-0.056962	-0.853001	-0.388526
-0.347656	-0.979492	2.930176	-0.137420	-0.859884	-0.529032
-0.367676	-0.888672	2.813477	-0.132436	-0.822147	-0.655534
-0.431152	-0.809082	2.682129	-0.036550	-0.805770	-0.791055
-0.521973	-0.709961	2.529297	0.149287	-0.794141	-0.926814
-0.614258	-0.636230	2.475586	0.434570	-0.802447	-1.115025
-0.698730	-0.566406	2.480469	0.756878	-0.848966	-1.290656
-0.753906	-0.514160	2.566895	1.079186	-0.991845	-1.449437
-0.878418	-0.466797	2.724121	1.316527	-1.167714	-1.616999
-1.003418	-0.386230	2.855957	1.463678	-1.362571	-1.808770
-1.146973	-0.271484	3.044922	1.493820	-1.553155	-2.134639
-1.279297	-0.133789	3.193848	1.336700	-1.821112	-2.531709
-1.353027	-0.045898	3.307129	1.173648	-2.095715	-2.972687
-1.425293	-0.016602	3.421387	0.954345	-2.403545	-3.555357
-1.462402	-0.003418	3.467285	0.688049	-2.621661	-4.226081
-1.415039	0.070801	3.490723	0.399918	-2.710426	-4.976789
-1.246094	0.231445	3.466309	0.128164	-2.624272	-5.755739
-1.024902	0.394531	3.363281	-0.057911	-2.370317	-6.511668
-0.849609	0.562988	3.239746	-0.153084	-1.867393	-7.259527
-0.701660	0.644043	3.148926	-0.181091	-1.289944	-7.777166
-0.612793	0.662598	3.248047	-0.121281	-0.986386	-7.777166
-0.471191	0.712891	3.396484	-0.154509	-1.149914	-7.777166
-0.274902	0.858887	3.538574	-0.344618	-1.606794	-7.777166
-0.079102	1.005859	3.664062	-0.760676	-2.298166	-7.777166
0.230957	1.124512	3.689941	-1.242714	-2.948004	-7.777166
0.644043	1.252930	3.565918	-1.713122	-3.221657	-7.777166
1.076172	1.320801	3.415527	-2.034956	-2.947529	-7.777166
1.584473	1.440918	3.315918	-2.215097	-2.288672	-7.777166
2.073242	1.454102	3.230469	-2.227201	-1.471510	-7.777166
2.587402	1.458496	3.193848	-2.155999	-0.517164	-7.777166
3.015137	1.532227	3.203613	-2.037804	0.220489	-7.777166
3.445801	1.588379	3.287109	-1.860748	0.832827	-7.777166
3.774902	1.533203	3.375000	-1.708375	1.061386	-7.777166
3.999878	1.447754	3.490723	-1.545323	0.916608	-7.777166
3.999878	1.411133	3.639160	-1.473408	0.529269	-7.777166
3.999878	1.347168	3.701660	-1.496668	0.250869	-7.777166
3.999878	1.198730	3.790527	-1.574753	-0.075000	-7.777166
3.999878	1.132324	3.816406	-1.786460	-0.320172	-7.777166
3.999878	1.102051	3.955566	-1.965890	-0.651499	-7.161268
3.999878	1.082520	3.958496	-2.083136	-0.901418	-6.408662
3.999878	1.119141	3.999878	-2.301014	-1.001101	-5.720376
3.999878	1.119629	3.999878	-2.658923	-1.092715	-4.965871
3.999878	1.108887	3.999878	-3.082813	-1.150863	-4.316033
3.999878	1.130859	3.999878	-3.564139	-1.109091	-3.623712
3.999878	1.126953	3.999878	-3.910893	-1.011070	-2.996184
3.999878	1.102051	3.968750	-4.184546	-0.805533	-2.325223
3.999878	1.040527	3.798828	-4.453453	-0.490582	-1.543424
3.999878	1.040527	3.624512	-4.655192	-0.151898	-0.799125
3.999878	1.026367	3.466309	-4.783831	0.083306	0.058386
3.999878	1.014648	3.372559	-4.841505	0.123892	0.892162
3.999878	0.967773	3.273926	-4.900602	0.052690	1.568582
3.999878	0.932617	3.192871	-4.964210	-0.025395	2.162170
3.999878	0.905273	3.117676	-4.962073	-0.115110	2.662009
3.845215	0.888672	3.048340	-5.021646	-0.164239	3.112243
3.632812	0.863281	2.962402	-5.100205	-0.119620	3.427431
3.441406	0.823730	2.892090	-5.120616	-0.066693	3.736686
3.312988	0.767578	2.856934	-5.144588	-0.029430	4.055433
3.198242	0.730957	2.789551	-5.204873	0.020649	4.379640
3.105957	0.678223	2.711914	-5.245932	0.095648	4.720461
2.981934	0.629883	2.566406	-5.311201	0.168986	5.082168
2.806641	0.600586	2.435059	-5.364128	0.243748	5.438415
2.643555	0.570801	2.278809	-5.292451	0.317799	5.730106
2.445801	0.563965	2.098145	-5.298859	0.380931	6.007557
2.236328	0.528320	1.871094	-5.234066	0.430298	6.196955
2.024902	0.458984	1.645508	-5.019272	0.464950	6.337461
1.823242	0.352051	1.386719	-4.754638	0.517877	6.405102
1.652344	0.269531	1.125977	-4.463896	0.587655	6.406764
1.478027	0.219238	0.833984	-4.069674	0.552528	6.329865
1.351562	0.145020	0.524414	-3.552747	0.382355	6.160404
1.304688	0.098633	0.085938	-2.806074	0.263210	6.000200
1.275879	0.071777	-0.170410	-1.862884	0.281960	5.911909
1.205078	0.066895	-0.303711	-0.785122	0.567481	5.914520
1.123535	0.164551	-0.199219	0.072626	0.838049	5.892684
0.901367	0.030762	-0.034668	0.906165	0.863919	5.885090
0.718262	0.039551	0.144531	1.647379	0.779426	5.835960
0.619141	0.181641	0.259277	2.119923	0.632037	5.743872
0.510254	0.306641	0.378906	2.475459	0.502924	5.624253
0.372559	0.347656	0.488770	2.825299	0.258464	5.513415
0.226074	0.381836	0.519043	3.124585	-0.159018	5.352498
0.123047	0.423340	0.489258	3.470627	-0.637496	5.155980
0.057129	0.454102	0.444824	3.887397	-0.979029	4.924099
-0.015625	0.485840	0.438477	4.375131	-1.185277	4.672993
-0.071289	0.507324	0.485352	4.903925	-1.243426	4.387235
-0.100586	0.562012	0.574219	5.438415	-1.223489	4.060418
-0.138672	0.589355	0.619629	5.959615	-1.226337	3.725768
-0.158203	0.635254	0.740723	6.459691	-1.271432	3.350533
-0.136230	0.673340	0.769531	7.008896	-1.319612	2.945393
-0.065918	0.745117	0.809082	7.686265	-1.350466	2.624272
0.024902	0.876465	0.897461	7.776929	-1.405529	2.349906
0.123047	1.026855	0.985840	7.776929	-1.392713	2.126806
0.160156	1.086914	1.091309	7.776929	-1.275941	1.928864
0.198242	1.277832	1.398926	7.776929	-1.075626	1.769609
0.267578	1.551270	1.732910	7.776929	-0.728872	1.637173
0.256348	1.673828	2.280762	7.776929	-0.222863	1.481241
0.261719	1.683105	2.839844	7.776929	-0.039636	1.366131
0.322754	1.678711	3.587891	7.776929	-0.201027	1.317951
0.480469	1.822754	3.999878	7.776929	-0.637496	1.339549
0.660645	1.842285	3.999878	7.776929	-0.994693	1.415497
0.900391	1.814453	3.999878	7.776929	-1.128790	1.552917
1.026855	1.715332	3.999878	7.776929	-0.983538	1.749435
1.046875	1.619629	3.999878	7.776929	-0.777289	1.949038
0.989258	1.423340	3.999878	7.776929	-0.510282	2.101411
0.956055	1.394531	3.999878	7.034054	-0.021835	2.191125
0.838867	1.344727	3.999878	5.638019	0.538288	2.218182
0.702148	1.299316	3.999878	4.580430	1.051892	2.179496
0.596680	1.244629	3.999878	3.614218	1.491684	2.077914
0.519531	1.174805	3.999878	2.864697	1.707189	2.016206
0.372070	1.043945	3.999878	2.185904	1.635512	1.916760
0.288574	0.977539	3.999878	1.861697	1.487174	1.793818
0.223145	0.906250	3.999878	1.807584	1.500465	1.651888
0.121094	0.779297	3.999878	1.721666	1.572854	1.498329
0.027344	0.665039	3.999878	1.510434	1.596825	1.329343
-0.058105	0.580566	3.999878	1.286147	1.531082	1.008459
0.000488	0.501953	3.999878	1.127366	1.572379	0.725075
0.027832	0.462891	3.999878	0.852052	1.504975	0.521674
0.060547	0.384277	3.999878	0.419380	1.214470	0.365741
0.120605	0.302734	3.999878	-0.082357	0.720090	0.214081
0.216309	0.273926	3.999878	-0.505535	0.245173	0.094461
0.348633	0.273438	3.999878	-0.917083	-0.134335	0.025633
0.437012	0.225586	3.999878	-1.299913	-0.407513	-0.017089
0.531250	0.197266	3.999878	-1.606556	-0.624917	-0.095885
0.642090	0.220215	3.999878	-1.784324	-0.632037	-0.132673
0.718262	0.207520	3.999878	-1.879023	-0.465187	-0.118907
output[0] = 0
output[1] = 0
output[2] = 0
output[3] = 0
output[4] = 0
output[5] = 0
output[6] = 0
output[7] = 0
output[8] = 0
output[9] = 0
output[10] = 0
output[11] = 0
output[12] = 0
Action Type: 11