-1.255859	0.209961	1.489258	4.894431	-1.745163	0.779188
-1.242188	0.270508	1.578125	5.186835	-1.700068	0.857510
-1.253906	0.326660	1.684570	5.342767	-1.534880	0.942716
-1.287598	0.371582	1.778320	5.407798	-1.353077	1.018427
-1.377441	0.419434	1.852051	5.508193	-1.236780	1.078949
-1.454102	0.496094	1.889160	5.663651	-1.195720	1.132113
-1.537598	0.578613	1.949219	5.865628	-1.249597	1.171037
-1.633789	0.651855	2.056641	6.142841	-1.354026	1.216369
-1.750000	0.709961	2.241211	6.454706	-1.599911	1.208774
-1.804688	0.764648	2.426270	6.726698	-1.913200	1.156559
-1.812988	0.815430	2.616211	6.923216	-2.233135	1.097699
-1.825684	0.890137	2.702148	7.048057	-2.413276	1.041212
-1.801758	0.930176	2.762695	7.194021	-2.387643	1.026971
-1.865723	0.958984	2.858398	7.405491	-2.158135	1.054503
-2.044922	1.023438	3.154785	7.597500	-1.916048	1.088443
-2.279785	1.073242	3.530762	7.707626	-1.724277	1.034804
-2.472656	1.102539	3.888184	7.707388	-1.657822	0.888127
-2.653320	1.172852	3.999878	7.541488	-1.511620	0.643430
-2.845215	1.197754	3.999878	7.265224	-1.298963	0.363843
-3.098145	1.192383	3.999878	6.950985	-1.197144	0.093275
-3.444336	1.208496	3.999878	6.639595	-1.272381	-0.318036
-3.732422	1.235352	3.999878	6.258426	-1.315577	-0.908776
-3.899414	1.251953	3.999878	5.736752	-1.268109	-1.627205
-3.917480	1.227539	3.999878	5.169034	-1.199518	-2.316679
-3.821777	1.231934	3.999878	4.616506	-1.078474	-3.000456
-3.661621	1.236328	3.999878	3.926558	-0.870802	-3.665246
-3.542969	1.261719	3.999878	3.302353	-0.695882	-4.190717
-3.492188	1.271484	3.999878	2.679572	-0.669774	-4.728056
-3.504883	1.303711	3.999878	2.162170	-0.728160	-5.292926
-3.503418	1.274902	3.999878	1.714546	-0.741926	-5.953444
-3.442871	1.311035	3.999878	1.351178	-0.663366	-6.587379
-3.324707	1.357910	3.999878	1.056876	-0.549443	-7.220366
-3.184082	1.394043	3.999878	0.616847	-0.402529	-7.777166
-2.999512	1.411621	3.999878	0.031804	-0.270331	-7.777166
-2.785645	1.409668	3.999878	-0.670486	-0.368115	-7.777166
-2.429199	1.491699	3.999878	-1.462016	-0.718666	-7.777166
-2.013184	1.585938	3.999878	-2.269448	-1.156797	-7.777166
-1.721680	1.588867	3.999878	-2.899349	-1.569057	-7.777166
-1.508301	1.555176	3.999878	-3.367621	-2.045161	-7.777166
-1.238281	1.455566	3.999878	-3.727667	-2.424431	-7.777166
-0.936035	1.387207	3.999878	-3.906384	-2.492548	-7.777166
-0.588379	1.288086	3.999878	-4.172917	-2.226489	-7.777166
-0.315430	1.236816	3.999878	-4.335020	-1.737094	-7.647341
-0.109375	1.077637	3.919922	-4.352821	-1.192160	-6.964276
0.001953	0.866699	3.765625	-4.211841	-0.760438	-6.308505
0.012695	0.672852	3.675781	-3.955039	-0.554902	-5.753840
0.057617	0.440918	3.690430	-3.728853	-0.576737	-5.288179
0.137695	0.338867	3.744629	-3.567225	-0.763049	-4.830824
0.196777	0.309082	3.775879	-3.492225	-1.095800	-4.339530
0.228027	0.308105	3.724609	-3.491988	-1.480529	-3.818805
0.281250	0.305176	3.574219	-3.529013	-1.751097	-3.298555
0.333008	0.247559	3.390137	-3.501007	-1.814941	-2.796343
0.379395	0.198242	3.230469	-3.465168	-1.738043	-2.316679
0.409180	0.136719	3.115234	-3.433602	-1.612253	-1.877836
0.413086	0.083984	3.048340	-3.407969	-1.484801	-1.495956
0.436523	0.055664	2.982422	-3.387795	-1.351178	-1.111702
0.460449	0.034668	2.924316	-3.379014	-1.203078	-0.766372
0.483887	0.039551	2.895508	-3.379726	-1.032193	-0.447149
0.546875	0.055176	2.850586	-3.400849	-0.854188	-0.155695
0.603027	0.086426	2.843262	-3.394678	-0.705613	0.164002
0.639160	0.114258	2.846680	-3.391118	-0.625154	0.499364
0.649902	0.125977	2.808105	-3.353143	-0.615423	0.878159
0.662109	0.128906	2.778809	-3.278619	-0.664553	1.298726
0.661133	0.106934	2.760254	-3.170392	-0.749758	1.752758
0.624512	0.091797	2.718262	-3.056468	-0.874124	2.193736
0.584473	0.100098	2.681152	-2.933051	-1.022225	2.650142
0.506348	0.124023	2.614746	-2.793970	-1.182667	3.116515
0.416504	0.137695	2.593262	-2.617863	-1.327444	3.582414
0.338379	0.166016	2.581543	-2.433213	-1.505687	4.027190
0.227539	0.177734	2.604980	-2.233609	-1.737806	4.457488
0.148926	0.196777	2.609863	-2.047772	-1.974671	4.823704
0.082031	0.234863	2.573242	-1.871428	-2.211062	5.184224
0.061523	0.265625	2.520020	-1.689388	-2.285587	5.547829
0.050293	0.344727	2.496094	-1.525861	-2.212249	5.937067
0.043457	0.384766	2.530762	-1.400545	-2.052994	6.351938
-0.020996	0.440430	2.595703	-1.348093	-1.893026	6.797663
-0.115723	0.504395	2.645020	-1.324834	-1.766286	7.244100
-0.281738	0.588867	2.724609	-1.328156	-1.697220	7.673212
-0.479980	0.638184	2.764648	-1.349754	-1.716920	7.776929
-0.650879	0.684570	2.779785	-1.359248	-1.790495	7.776929
-0.815918	0.725586	2.796875	-1.333140	-1.905605	7.776929
-0.947754	0.808105	2.775391	-1.255767	-2.049908	7.776929
-1.063477	0.912109	2.722168	-1.061386	-2.199907	7.776929
-1.162109	0.960449	2.699219	-0.838049	-2.254733	7.776929
-1.356445	1.039551	2.757812	-0.573889	-2.302201	7.776929
-1.660645	1.114746	2.912109	-0.325394	-2.525538	7.776929
-1.969727	1.209473	3.063965	-0.049841	-2.932814	7.776929
-2.264648	1.295898	3.203613	0.180616	-3.307574	7.776929
-2.506836	1.330078	3.335938	0.322071	-3.563664	7.776929
-2.731934	1.315918	3.435059	0.413209	-3.686369	7.776929
-2.992676	1.281250	3.558594	0.444538	-3.647683	7.776929
-3.241699	1.219238	3.589844	0.356960	-3.448792	7.776929
-3.576172	1.125488	3.573730	0.217166	-3.069285	7.776929
-3.848145	1.034180	3.625488	0.078085	-2.565649	7.776929
-3.996582	0.934082	3.668945	-0.127689	-2.007899	7.776929
-4.000000	0.846680	3.667480	-0.420567	-1.493108	7.776929
-4.000000	0.773438	3.661621	-0.719616	-0.887415	7.432074
-4.000000	0.752930	3.602539	-1.035516	-0.256565	6.547744
-4.000000	0.751465	3.435547	-1.321511	0.272941	5.704711
-3.909668	0.775391	3.422363	-1.574041	0.652211	5.000523
-3.738281	0.780273	3.194336	-1.776729	0.852764	4.449419
-3.680664	0.753906	3.038574	-1.650464	0.939630	4.022918
-3.688965	0.722656	2.924316	-1.388441	0.808856	3.659312
-3.669922	0.689941	2.861816	-1.125230	0.530693	3.221894
-3.622070	0.634277	2.820312	-0.808144	0.303321	2.730600
-3.532715	0.643066	2.804199	-0.512892	0.153559	2.272533
-3.429688	0.661133	2.887207	-0.251106	0.064557	1.847694
-3.310547	0.666016	2.980957	-0.072626	0.067405	1.443741
-3.178711	0.636230	3.083496	-0.037025	0.119857	1.055452
-3.019531	0.618164	3.165527	-0.086155	0.259650	0.707274
-2.879395	0.605957	3.214844	-0.168749	0.448810	0.385915
-2.721191	0.624023	3.237793	-0.269619	0.511706	0.099446
-2.545410	0.670410	3.220703	-0.361232	0.465662	-0.121993
-2.341797	0.711914	3.167969	-0.409412	0.415108	-0.243986
-2.153809	0.753906	3.116211	-0.399681	0.368589	-0.286707
-1.995117	0.781250	3.039551	-0.355298	0.360283	-0.271755
-1.861816	0.805176	3.008789	-0.293353	0.379270	-0.193670
-1.791992	0.789062	2.994141	-0.246597	0.393273	-0.079746
-1.805176	0.729980	2.975098	-0.170648	0.374760	0.020886
-1.922363	0.650879	2.995605	-0.102056	0.327292	0.011155
-2.016113	0.564941	3.008789	-0.046044	0.198179	-0.154983
-2.028320	0.535156	3.032227	0.028006	0.020411	-0.401817
-1.946289	0.534180	3.042480	0.121518	-0.152372	-0.644616
-1.806152	0.579102	3.057129	0.176344	-0.298099	-0.801261
-1.660156	0.602539	3.072266	0.203401	-0.380694	-0.909725
-1.537598	0.604492	3.080078	0.190110	-0.401580	-0.935595
-1.443359	0.616211	3.077148	0.177293	-0.346517	-0.922304
-1.357910	0.608398	3.069824	0.200315	-0.282672	-0.871276
-1.311523	0.612793	3.087402	0.221913	-0.223100	-0.801261
-1.283203	0.627441	3.149902	0.234018	-0.169698	-0.697543
-1.277832	0.619141	3.132324	0.193907	-0.117246	-0.604031
-1.313477	0.583984	3.169922	0.179192	-0.075474	-0.534253
-1.353516	0.565430	3.189453	0.183464	-0.100158	-0.509095
-1.374512	0.562012	3.233887	0.198179	-0.185837	-0.508858
-1.392578	0.566406	3.254395	0.229033	-0.290267	-0.531880
-1.357910	0.568848	3.282227	0.244223	-0.398020	-0.534253
-1.312012	0.593750	3.302734	0.246834	-0.444301	-0.530218
-1.251465	0.585938	3.314453	0.184176	-0.455219	-0.481089
-1.234375	0.605957	3.323242	0.132673	-0.429349	-0.407276
-1.208496	0.608398	3.334961	0.055538	-0.388526	-0.321359
-1.202637	0.618652	3.301270	0.023734	-0.336074	-0.230932
-1.208008	0.626465	3.304688	0.014478	-0.275789	-0.131249
-1.221191	0.631348	3.299316	0.018513	-0.189635	-0.022785
-1.261719	0.635254	3.274414	0.025158	-0.101582	0.082594
-1.327148	0.626953	3.299805	0.044383	-0.030854	0.153797
-1.429199	0.589355	3.320801	0.089003	-0.042009	0.164714
-1.504883	0.557617	3.392090	0.147388	-0.113686	0.120569
-1.561035	0.553223	3.380371	0.107752	-0.195568	0.017089
-1.555664	0.552246	3.385254	0.068354	-0.218590	-0.081882
-1.504883	0.569336	3.406738	0.022073	-0.233068	-0.141455
output[0] = 0
output[1] = 0
output[2] = 0
output[3] = 0
output[4] = 0
output[5] = 0
output[6] = 0
output[7] = 0
output[8] = 0
output[9] = 0
output[10] = 0
output[11] = 100
output[12] = 0
Action Type: 11