1.005371	-0.089355	3.160156	-5.480899	-1.867868	-1.144692
1.192871	-0.061523	3.033691	-5.535013	-1.802125	-1.030294
1.319824	-0.028809	2.895020	-5.510804	-1.715970	-0.832115
1.411133	-0.008301	2.764160	-5.467845	-1.626493	-0.536389
1.456055	0.015625	2.582520	-5.363891	-1.537490	-0.206961
1.489746	-0.014648	2.448242	-5.241423	-1.436383	0.108702
1.519531	-0.028809	2.298828	-5.107563	-1.336938	0.409887
1.547363	-0.020996	2.151855	-4.887548	-1.243900	0.718429
1.583008	-0.008789	1.995605	-4.593484	-1.114313	1.059012
1.608887	0.020020	1.835449	-4.211129	-0.910912	1.427839
1.617188	0.030762	1.671875	-3.876716	-0.634411	1.814229
1.568848	0.018066	1.587402	-3.475848	-0.330378	2.198958
1.525391	-0.008301	1.542480	-3.022054	-0.125553	2.566123
1.458008	-0.021973	1.515137	-2.504415	0.016139	2.880599
1.467773	-0.052734	1.535645	-1.991997	0.039398	3.229015
1.464355	-0.046387	1.593262	-1.493582	-0.004035	3.571259
1.445312	-0.023926	1.665527	-0.992320	-0.094461	3.952665
1.432617	0.005859	1.725586	-0.594775	-0.159730	4.351634
1.395508	0.049316	1.745605	-0.313764	-0.111075	4.776473
1.332520	0.091797	1.781738	-0.064082	0.033228	5.196091
1.217285	0.129395	1.779297	0.195331	0.175394	5.594822
1.093750	0.179199	1.791992	0.468984	0.241375	5.971719
0.963379	0.237793	1.776367	0.788682	0.204113	6.314438
0.889160	0.314941	1.738281	1.175546	0.150474	6.626541
0.829102	0.428223	1.662109	1.631477	0.098022	6.920131
0.839844	0.536133	1.592773	2.178309	0.117009	7.246711
0.884766	0.638672	1.664062	2.769761	0.124604	7.618148
0.906738	0.785645	1.759766	3.350770	0.094699	7.776929
0.967773	0.959473	1.911621	3.864137	0.121518	7.776929
1.027832	1.142090	2.020020	4.243644	0.228796	7.776929
1.150879	1.327148	2.142090	4.506855	0.393510	7.776929
1.284668	1.519043	2.244141	4.683436	0.528319	7.776929
1.327148	1.657715	2.229004	4.915555	0.718904	7.776929
1.320801	1.826172	2.201660	5.184461	1.029107	7.776929
1.169434	2.017578	2.248535	5.535962	1.230609	7.776929
0.837402	2.292969	2.415039	5.935643	1.202841	7.776929
0.386719	2.563965	2.634277	6.379232	0.841371	7.776929
-0.199219	2.824219	2.957031	6.925827	0.065981	7.776929
-0.825684	3.095215	3.324707	7.569968	-0.999203	7.776929
-1.505859	3.273438	3.656250	7.776929	-2.174037	7.776929
-2.175293	3.405273	3.999878	7.776929	-3.305676	7.776929
-2.926270	3.501953	3.999878	7.776929	-4.364213	7.776929
-3.750000	3.473633	3.999878	7.776929	-5.418953	7.776929
-4.000000	3.331055	3.999878	7.776929	-5.899805	7.776929
-4.000000	2.960938	3.999878	7.776929	-5.717765	7.776929
-4.000000	2.502930	3.999878	7.776929	-5.108987	7.776929
-4.000000	1.986816	3.999878	7.776929	-4.126873	7.776929
-4.000000	1.575684	3.999878	6.629151	-2.449589	7.776929
-3.964355	1.435547	3.999878	4.985096	-0.701815	7.776929
-3.502441	1.522461	3.999878	3.139775	1.257666	7.776929
-3.225586	1.617188	3.999878	1.661382	2.972450	7.776929
-3.203613	1.750488	3.999878	0.179192	4.449656	7.269495
-3.354980	1.735352	3.999878	-1.013918	4.901077	6.674721
-3.439941	1.546387	3.999878	-1.894688	4.721173	6.108664
-3.377441	1.344727	3.999878	-2.605047	4.323153	5.376944
-3.264648	1.292969	3.999878	-2.932577	3.634866	4.765081
-3.081055	1.298828	3.999878	-3.121025	2.701407	4.270464
-2.977539	1.273438	3.999878	-3.201246	1.908691	3.962871
-2.947266	1.245605	3.999878	-3.337716	1.170088	3.694439
-2.959473	1.199707	3.999878	-3.492462	0.434333	3.322289
-2.997070	1.156250	3.999878	-3.701084	0.000000	2.972924
-2.988770	1.097168	3.999878	-3.994200	-0.313052	2.501804
-2.923828	1.078125	3.999878	-4.446333	-0.449048	2.012883
-2.785156	1.066895	3.999878	-4.994589	-0.338685	1.534168
-2.614746	1.076172	3.999878	-5.520061	-0.106566	1.142556
-2.460449	1.062012	3.999878	-6.042684	0.180379	0.808856
-2.325684	1.051758	3.999878	-6.610164	0.447386	0.492956
-2.243652	1.007324	3.999878	-7.046870	0.571041	0.233068
-2.184570	0.964844	3.999878	-7.328119	0.537338	-0.005696
-2.137695	0.890137	3.999878	-7.574715	0.407751	-0.248970
-2.149414	0.803223	3.999878	-7.636186	0.112262	-0.514079
-2.174316	0.763184	3.878906	-7.614114	-0.324919	-0.787732
-2.171875	0.686035	3.726074	-7.583497	-0.812653	-1.097461
-2.121094	0.631836	3.562500	-7.545285	-1.234169	-1.406953
-2.041992	0.608887	3.411621	-7.544573	-1.575702	-1.663281
-1.940430	0.553711	3.175781	-7.503513	-1.877599	-1.877124
-1.813477	0.519531	2.982910	-7.389827	-1.989386	-2.046585
-1.690430	0.501953	2.815918	-7.257391	-2.053943	-2.143657
-1.608887	0.490723	2.687988	-7.099797	-2.081000	-2.170002
-1.509277	0.445312	2.544922	-6.925827	-2.126806	-2.167392
-1.450684	0.391113	2.417969	-6.722901	-2.175224	-2.164543
-1.437988	0.295898	2.295898	-6.491732	-2.247612	-2.139148
-1.410645	0.245605	2.079102	-6.262698	-2.283926	-2.074117
-1.453125	0.203613	1.806641	-6.027731	-2.200856	-1.983927
-1.570312	0.066895	1.405762	-5.560408	-1.990098	-1.896824
-1.727539	-0.111328	1.007324	-4.836758	-1.661145	-1.929814
-1.895996	-0.266602	0.770508	-3.954326	-1.410039	-2.153626
-2.027832	-0.434082	0.606934	-2.816517	-1.352128	-2.611692
-2.048828	-0.432129	0.771484	-1.671113	-1.530845	-3.185107
-1.942871	-0.443359	0.905273	-0.680692	-1.938358	-3.739771
-1.707520	-0.439941	1.006348	0.231644	-2.203942	-4.215638
-1.472168	-0.326660	1.175781	0.937257	-2.413988	-4.530114
-1.279785	-0.184570	1.311035	1.455133	-2.513671	-4.708831
-1.171387	-0.106445	1.315430	1.856713	-2.431551	-4.802818
-1.194336	-0.098633	1.263184	2.256869	-2.203467	-4.896093
-1.365234	-0.123047	1.145996	2.718496	-1.892789	-5.080743
-1.675293	-0.129395	1.076172	3.203145	-1.619610	-5.441026
-2.077637	-0.137695	1.067383	3.748315	-1.398646	-6.015389
-2.514160	-0.125977	1.169434	4.400764	-1.332903	-6.953596
-2.824707	-0.041504	1.350586	4.997200	-1.548171	-7.777166
-3.111328	0.132812	1.612793	5.567054	-2.001491	-7.777166
-3.237305	0.391602	1.924316	5.927336	-2.616202	-7.777166
-3.123047	0.791016	2.157715	5.981925	-3.207654	-7.777166
-2.907715	1.210449	2.305176	5.937304	-3.622050	-7.777166
-2.668945	1.566406	2.310547	5.747432	-3.848947	-7.777166
-2.499023	1.922852	2.321289	5.655107	-3.903773	-7.777166
-2.379883	2.272461	2.390137	5.666262	-3.972364	-7.777166
-2.250000	2.640137	2.540039	5.739363	-4.101952	-7.777166
-2.004395	3.006348	2.691406	5.651784	-4.141113	-7.777166
-1.513184	3.419434	2.837402	5.601943	-3.940323	-7.777166
-0.658203	3.696289	2.793945	5.518636	-3.183445	-7.777166
0.176758	3.999878	3.078613	5.447671	-2.191363	-7.777166
1.022949	3.999878	3.497070	5.252103	-1.586620	-7.777166
1.753418	3.999878	3.781250	5.082405	-1.304185	-7.777166
2.441895	3.999878	3.999878	4.932643	-1.289232	-7.777166
2.815918	3.999878	3.999878	4.837232	-1.305134	-7.777166
3.209961	3.999878	3.999878	4.549576	-1.355213	-7.777166
3.745117	3.999878	3.999878	3.946732	-1.221116	-7.777166
3.999878	3.999878	3.999878	3.137401	-0.892399	-7.777166
3.999878	3.769531	3.999878	2.190413	-0.401817	-7.777166
3.999878	3.567383	3.999878	1.354976	-0.123654	-6.757790
3.999878	3.349609	3.999878	0.498415	-0.192720	-4.655904
3.479492	3.060059	3.999878	-0.159255	-0.433146	-2.778780
2.785156	2.705078	3.999878	-0.613762	-0.692084	-1.288995
2.069336	2.297363	3.999878	-0.865580	-0.771831	-0.352450
1.458984	2.037598	3.999878	-1.003237	-0.710122	0.065506
1.009766	1.816406	3.999878	-1.096275	-0.601420	0.084730
0.744629	1.655273	3.999878	-1.092477	-0.413209	-0.156645
0.588379	1.557129	3.992676	-0.993269	-0.373336	-0.464475
0.552734	1.399902	3.817383	-0.762812	-0.389950	-0.809093
0.658691	1.338379	3.745117	-0.390662	-0.383542	-1.130452
0.886230	1.339844	3.829590	-0.032753	-0.430535	-1.329106
1.135742	1.328613	3.952637	0.285758	-0.517164	-1.342634
1.375000	1.334961	3.999878	0.384017	-0.596436	-1.163917
1.518066	1.302246	3.999878	0.371912	-0.641531	-0.846593
1.610352	1.294922	3.999878	0.246834	-0.669062	-0.479665
1.602051	1.258301	3.999878	0.106091	-0.674046	-0.069303
1.394531	1.234863	3.999878	-0.037262	-0.689711	0.320172
1.147949	1.148438	3.999878	-0.201739	-0.728397	0.598335
0.935547	1.072266	3.999878	-0.465662	-0.718904	0.726973
0.806152	1.008301	3.999512	-0.668350	-0.627053	0.720328
0.673340	0.986328	3.958984	-0.867953	-0.549680	0.665027
0.575195	0.968262	3.869629	-1.028633	-0.541848	0.554190
0.531250	0.912598	3.721191	-1.110515	-0.485836	0.405140
0.564453	0.866699	3.620117	-1.124993	-0.373811	0.234730
0.612305	0.832031	3.547852	-1.087731	-0.325394	0.107040
0.724121	0.821777	3.473145	-0.983063	-0.314239	0.025158
0.845215	0.842285	3.441895	-0.824520	-0.344381	0.052690
0.876465	0.854492	3.426270	-0.644379	-0.430298	0.192720
0.801758	0.812500	3.391113	-0.435519	-0.490582	0.335362
output[0] = 0
output[1] = 0
output[2] = 0
output[3] = 0
output[4] = 0
output[5] = 0
output[6] = 0
output[7] = 0
output[8] = 0
output[9] = 0
output[10] = 100
output[11] = 0
output[12] = 0
Action Type: 10