1.143066	-0.451172	3.295410	-2.771185	1.262650	0.379507
1.174316	-0.411621	3.312988	-2.903146	1.368741	0.338447
1.197754	-0.394531	3.284180	-3.076880	1.478867	0.307830
1.242188	-0.344727	3.241211	-3.249663	1.533930	0.295014
1.295410	-0.324707	3.183105	-3.369995	1.616525	0.300947
1.334473	-0.297852	3.073730	-3.431703	1.697932	0.350552
1.388672	-0.289062	2.981934	-3.465168	1.779815	0.436943
1.425781	-0.310547	2.874512	-3.432415	1.831080	0.537576
1.451172	-0.328125	2.758301	-3.328935	1.863833	0.692322
1.450684	-0.349609	2.654785	-3.118651	1.885431	0.868428
1.420898	-0.361816	2.586426	-2.855916	1.904418	1.035041
1.379883	-0.391113	2.503906	-2.561851	1.898248	1.213758
1.325195	-0.404785	2.445801	-2.264938	1.868343	1.354738
1.274414	-0.445312	2.407227	-1.887567	1.772457	1.497143
1.224609	-0.446777	2.390625	-1.493345	1.613914	1.603471
1.166016	-0.453125	2.362793	-1.080848	1.382507	1.656873
1.131836	-0.425781	2.353027	-0.723176	1.143031	1.682980
1.135742	-0.397949	2.351562	-0.285995	0.912811	1.697932
1.190430	-0.346191	2.348145	0.098259	0.765660	1.769372
1.258301	-0.295898	2.333984	0.434807	0.699916	1.863121
1.313965	-0.237793	2.320312	0.731245	0.683777	2.001965
1.364258	-0.185547	2.309082	1.021987	0.707037	2.172850
1.430664	-0.140625	2.305664	1.293742	0.807906	2.384320
1.460449	-0.062500	2.332520	1.545560	0.986386	2.661059
1.460938	0.012207	2.367676	1.761065	1.220641	2.985266
1.421387	0.083496	2.410645	1.933611	1.433773	3.260818
1.363770	0.142090	2.426758	2.133452	1.574278	3.554883
1.320801	0.209961	2.427246	2.364146	1.628866	3.858441
1.314453	0.264160	2.432129	2.610506	1.586145	4.150132
1.275879	0.353516	2.464355	2.936611	1.422618	4.520620
1.204102	0.448242	2.471680	3.280043	1.133775	4.879241
1.127441	0.560059	2.405273	3.726717	0.691847	5.278448
1.133301	0.624023	2.307129	4.249103	0.421516	5.704948
1.139648	0.726562	2.287109	4.772913	0.376659	6.144028
1.081543	0.812012	2.329590	5.359618	0.518351	6.708186
0.954102	0.913086	2.434082	5.909536	0.789394	7.280176
0.739746	1.007812	2.650879	6.427175	0.987336	7.776929
0.492676	1.119141	2.851562	6.940542	0.919931	7.776929
0.194824	1.273438	3.037109	7.475982	0.642717	7.776929
-0.065918	1.387695	3.259766	7.776929	0.229033	7.776929
-0.270020	1.468262	3.481445	7.776929	-0.274603	7.776929
-0.363770	1.515625	3.602539	7.776929	-0.707511	7.776929
-0.397949	1.563965	3.677734	7.776929	-0.846593	7.776929
-0.438965	1.617188	3.761230	7.776929	-0.655297	7.776929
-0.559082	1.691406	3.993164	7.776929	-0.302372	7.776929
-0.754883	1.806641	3.999878	7.776929	-0.161629	7.776929
-1.016113	1.892090	3.999878	7.776929	-0.311390	7.776929
-1.231445	1.940918	3.999878	7.776929	-0.692084	7.776929
-1.341309	1.974609	3.999878	7.776929	-1.142081	7.776929
-1.350098	1.995117	3.999878	7.776929	-1.441605	7.776929
-1.368164	1.976074	3.999878	7.776929	-1.487649	7.776929
-1.439453	1.972168	3.999878	7.776929	-1.393188	7.497817
-1.594727	1.948730	3.999878	7.776929	-1.143743	7.030257
-1.721191	1.864746	3.999878	7.776929	-0.776815	6.518313
-1.781250	1.707520	3.999878	6.691809	-0.180141	5.704237
-1.744141	1.549805	3.999878	4.959700	0.637259	4.850998
-1.612305	1.400391	3.999878	3.333682	1.554816	4.049974
-1.443848	1.283691	3.999878	1.558614	2.609319	3.269362
-1.270020	1.297363	3.999878	0.168274	3.379251	2.690252
-1.119629	1.317871	3.999878	-0.922067	3.957649	2.230761
-0.956543	1.365723	3.999878	-1.555528	4.215163	1.961143
-0.752930	1.391113	3.999878	-1.970636	4.392457	1.887330
-0.663086	1.406250	3.999878	-2.250698	4.285891	1.916286
-0.567383	1.406250	3.999878	-2.347296	4.017221	2.047297
-0.454590	1.412109	3.999878	-2.293894	3.597367	2.307660
-0.372070	1.413086	3.999878	-2.139385	3.087797	2.671740
-0.313477	1.417480	3.999878	-1.978469	2.482817	3.094917
-0.337402	1.437988	3.999878	-1.791207	1.913200	3.528538
-0.437988	1.437500	3.999878	-1.718106	1.366843	3.958836
-0.595215	1.337891	3.999878	-1.793106	0.909725	4.316745
-0.726562	1.246094	3.999878	-2.061538	0.569617	4.523706
-0.843262	1.185059	3.999878	-2.484715	0.432434	4.615557
-0.946289	1.093750	3.999878	-3.076167	0.539712	4.578057
-1.048828	1.035645	3.999878	-3.828536	0.791767	4.384624
-1.133301	0.978516	3.999878	-4.618167	1.175546	4.085813
-1.166992	0.967773	3.999878	-5.301233	1.633851	3.711765
-1.139160	0.924805	3.999878	-5.898381	2.114465	3.329172
-1.110840	0.902832	3.999878	-6.390150	2.487326	3.046500
-1.058105	0.866699	3.999878	-6.781761	2.765489	2.723005
-0.979980	0.775391	3.999878	-7.015542	3.040804	2.472848
-0.909668	0.720215	3.999878	-7.142044	3.230439	2.281790
-0.827148	0.716797	3.859375	-7.185477	3.180360	2.177597
-0.747070	0.694336	3.674316	-7.200429	3.040566	2.175224
-0.727539	0.642090	3.568359	-7.170762	2.759556	2.262090
-0.782715	0.614746	3.463379	-7.068231	2.319052	2.380286
-0.947754	0.536621	3.382324	-6.890463	1.659246	2.508924
-1.123047	0.457031	3.276367	-6.663803	0.906877	2.570395
-1.279785	0.354492	3.149902	-6.422191	0.211233	2.564699
-1.421387	0.217285	3.034668	-6.184138	-0.351738	2.498719
-1.552246	0.120117	2.890625	-6.012541	-0.674046	2.332343
-1.642578	0.057617	2.772461	-5.882954	-0.757590	2.073879
-1.746094	0.007324	2.652344	-5.837622	-0.586705	1.740891
-1.814453	-0.080566	2.489746	-5.823856	-0.256328	1.349042
-1.859375	-0.143555	2.312012	-5.782559	0.188923	0.894298
-1.890137	-0.221191	2.126953	-5.623303	0.636072	0.432909
-1.923828	-0.309570	1.949707	-5.303131	1.029107	-0.031566
-1.983398	-0.400879	1.810547	-4.826789	1.351653	-0.505772
-2.018555	-0.472656	1.730469	-4.209467	1.562174	-1.005848
-2.096680	-0.521973	1.776855	-3.514060	1.504500	-1.531794
-2.130859	-0.524902	1.852051	-2.772846	1.163679	-2.064148
-2.075195	-0.481934	1.899902	-2.071269	0.683540	-2.560427
-1.960449	-0.435059	1.991211	-1.448725	0.238290	-2.985029
-1.876465	-0.373535	2.036133	-0.913997	-0.126028	-3.332732
-1.795410	-0.342285	2.117676	-0.477054	-0.417007	-3.632493
-1.797852	-0.302734	2.173340	-0.116297	-0.643430	-3.911605
-1.877930	-0.292969	2.253906	0.181565	-0.828318	-4.235812
-1.963379	-0.281250	2.280273	0.423890	-1.002763	-4.668246
-2.013672	-0.266113	2.353516	0.606879	-1.147540	-5.197278
-2.037598	-0.196777	2.385742	0.771831	-1.327919	-5.789204
-2.115723	-0.114746	2.419922	0.869852	-1.607743	-6.419106
-2.242188	-0.081543	2.370117	1.043348	-1.941918	-7.162218
-2.436035	-0.030273	2.258789	1.217318	-2.199195	-7.777166
-2.643555	0.102539	2.158691	1.435197	-2.301489	-7.777166
-2.673828	0.223145	2.087891	1.612727	-2.288198	-7.777166
-2.447266	0.431641	1.991211	1.736144	-2.076965	-7.777166
-2.283691	0.687988	1.844238	1.906317	-1.659958	-7.777166
-2.328613	0.940918	1.716797	2.196584	-0.975469	-7.777166
-2.626465	1.199707	1.749512	2.638512	-0.412260	-7.777166
-2.846191	1.483887	1.844727	3.090408	-0.079984	-7.777166
-2.861816	1.956055	1.928711	3.648158	0.000000	-7.777166
-2.718262	2.496094	2.122559	4.281144	-0.057674	-7.777166
-2.319336	3.031250	2.387207	4.891346	-0.263448	-7.777166
-1.751465	3.439941	2.529785	5.323305	-0.410836	-7.777166
-1.120605	3.788086	2.645020	5.572275	-0.297387	-7.777166
-0.413574	3.999878	2.767090	5.833587	0.042247	-7.777166
0.333984	3.999878	2.888672	6.053364	0.400868	-7.777166
1.085449	3.999878	3.110352	6.363805	0.787970	-7.777166
1.797363	3.999878	3.441406	6.656209	0.968111	-7.777166
2.461914	3.999878	3.919922	6.830179	0.719616	-7.777166
2.910156	3.999878	3.999878	6.825669	0.307593	-7.777166
3.465820	3.999878	3.999878	6.738328	-0.009494	-7.777166
3.860840	3.999878	3.999878	6.349802	-0.348178	-7.777166
3.999878	3.999878	3.999878	5.657006	-0.590028	-7.777166
3.999878	3.965332	3.999878	4.674891	-0.646515	-7.777166
3.999878	3.811523	3.999878	3.699898	-0.563209	-6.073538
3.999878	3.581055	3.999878	2.676012	-0.242324	-4.125924
3.810059	3.368164	3.999878	1.906080	0.033465	-2.570870
3.186035	3.104004	3.999878	1.217318	0.143116	-1.127841
2.443359	2.814453	3.999878	0.701341	0.011630	-0.154746
1.800293	2.610840	3.999878	0.339634	-0.273416	0.393748
1.354980	2.402832	3.999878	0.093275	-0.539949	0.649363
1.009766	2.203125	3.999878	-0.081408	-0.811704	0.696119
0.800293	1.959961	3.999878	-0.205774	-1.072066	0.566057
0.760254	1.704590	3.999878	-0.208859	-1.082509	0.255853
0.833496	1.520020	3.999878	-0.161154	-0.927051	-0.125078
0.958984	1.428223	3.999878	-0.122705	-0.774679	-0.451421
1.120605	1.389160	3.999878	-0.172072	-0.696594	-0.656483
1.287109	1.371582	3.999878	-0.218828	-0.643904	-0.719853
1.452148	1.386719	3.999878	-0.272467	-0.626578	-0.623256
1.579102	1.368652	3.939453	-0.291454	-0.606879	-0.394460
output[0] = 0
output[1] = 0
output[2] = 0
output[3] = 0
output[4] = 0
output[5] = 0
output[6] = 0
output[7] = 0
output[8] = 0
output[9] = 0
output[10] = 100
output[11] = 0
output[12] = 0
Action Type: 10