0.971191	-0.999512	3.172852	0.097072	0.206011	0.114398
0.957520	-0.966797	3.182617	0.064557	0.134097	0.124366
0.949707	-0.965820	3.191406	0.046756	0.063845	0.098971
0.974121	-0.949219	3.162109	0.045332	0.029193	0.065981
1.000488	-0.955566	3.150391	0.041297	0.056724	0.046519
1.056641	-0.958984	3.112305	0.039636	0.095173	0.056012
1.122070	-0.958008	3.062012	0.072389	0.150474	0.095648
1.143555	-0.937012	2.999512	0.120569	0.259888	0.159018
1.159180	-0.914062	2.935059	0.170410	0.349602	0.216217
1.159180	-0.898438	2.879395	0.137420	0.364555	0.260600
1.150391	-0.917480	2.789551	0.179192	0.356010	0.301659
1.153320	-0.910156	2.721680	0.259176	0.302372	0.349840
1.163086	-0.893555	2.662598	0.373811	0.184176	0.424127
1.140137	-0.862305	2.620605	0.460203	0.042484	0.493430
1.116211	-0.835449	2.605469	0.506009	-0.145964	0.555376
1.074707	-0.840332	2.627930	0.497465	-0.462102	0.595961
1.068359	-0.836426	2.600098	0.489633	-0.893824	0.611626
1.114258	-0.793945	2.561523	0.452133	-1.337887	0.636309
1.176758	-0.763184	2.536133	0.403953	-1.701255	0.673097
1.261230	-0.739258	2.434570	0.337973	-1.893738	0.748334
1.350098	-0.686523	2.243652	0.331802	-1.877599	0.817163
1.452148	-0.617676	2.000000	0.484886	-1.529421	0.909963
1.493652	-0.534180	1.719727	0.844219	-0.793429	1.026497
1.505859	-0.411133	1.489746	1.385830	0.166850	1.134249
1.478516	-0.280762	1.399902	2.003389	0.950311	1.217081
1.405273	-0.200684	1.381348	2.716360	1.538440	1.283774
1.339355	-0.148438	1.400391	3.310897	1.785748	1.323172
1.283203	-0.146973	1.480957	3.866036	1.757742	1.372776
1.272461	-0.144043	1.605957	4.330748	1.497617	1.428789
1.312012	-0.135742	1.724121	4.675366	1.137572	1.529658
1.458984	-0.089844	1.847656	4.924573	0.770644	1.698170
1.624023	-0.031738	1.833008	5.113259	0.606879	1.942868
1.745117	0.016113	1.743164	5.364840	0.714869	2.278704
1.832520	0.074219	1.619141	5.718477	1.068743	2.666044
1.892578	0.164062	1.547852	6.318710	1.638597	3.049348
1.898926	0.312500	1.545410	7.091728	2.248087	3.534946
1.862793	0.524414	1.641602	7.776929	2.809160	3.992776
1.803711	0.744629	1.845215	7.776929	3.212875	4.386286
1.734375	0.938965	2.073242	7.776929	3.292622	4.790239
1.686523	1.136230	2.316895	7.776929	3.162797	5.271327
1.666992	1.365723	2.499512	7.776929	3.018494	5.779711
1.627441	1.680176	2.812988	7.776929	2.950614	6.460640
1.504883	1.952148	3.149902	7.776929	3.014222	7.058263
1.305664	2.072754	3.615234	7.776929	2.797293	7.653275
1.126953	2.160156	3.999878	7.776929	2.170952	7.776929
1.059082	2.304688	3.999878	7.776929	1.646667	7.776929
0.938965	2.483398	3.999878	7.776929	1.275704	7.776929
0.636230	2.126465	3.999878	7.776929	0.949361	7.776929
0.520996	2.540527	3.999878	7.776929	0.930849	7.776929
0.272461	2.736816	3.999878	7.776929	1.105531	7.776929
-0.029297	2.912598	3.999878	7.776929	1.275229	7.776929
-0.387695	2.885742	3.999878	7.776929	1.290894	7.776929
-0.553711	2.764648	3.999878	7.658496	1.313441	7.776929
-0.496094	2.735840	3.999878	6.814040	1.649990	7.776929
-0.615723	2.572754	3.999878	5.952732	1.986538	7.776929
-0.699219	2.541992	3.999878	4.777897	2.066997	7.776929
-0.719238	2.489746	3.999878	3.469678	1.938121	7.603433
-0.615234	2.370117	3.999878	2.339463	1.900858	7.253831
-0.446777	2.235840	3.999878	1.214708	2.024750	6.971159
-0.263672	2.154297	3.999878	0.302846	2.292707	6.831840
-0.164062	2.083496	3.999878	-0.562734	2.562800	6.747109
-0.069824	1.996094	3.999878	-1.432586	2.709714	6.669262
-0.038574	1.935059	3.999878	-2.331394	2.818891	6.666889
-0.034180	1.896973	3.999878	-3.189142	2.821027	6.695369
-0.028320	1.909668	3.999878	-3.977111	2.842862	6.701303
-0.067383	1.958008	3.999878	-4.709069	2.842387	6.746160
-0.198730	1.971191	3.999878	-5.357245	2.702119	6.719103
-0.374512	2.011230	3.999878	-5.986909	2.550933	6.519500
-0.572266	1.991699	3.999878	-6.427175	2.279179	6.169186
-0.777832	1.877441	3.999878	-6.855100	2.047535	5.587228
-0.816406	1.841797	3.999878	-7.195920	2.126806	4.911045
-0.767578	1.820312	3.999878	-7.517516	2.470000	4.305353
-0.711914	1.839355	3.999878	-7.777166	2.857340	3.753299
-0.697266	1.801270	3.999878	-7.777166	3.111531	3.281229
-0.761230	1.782227	3.999878	-7.777166	3.307337	2.790172
-0.846680	1.687012	3.999878	-7.777166	3.404646	2.282027
-0.949707	1.582031	3.999878	-7.777166	3.646971	1.676097
-1.026367	1.477051	3.854980	-7.777166	3.881938	1.146354
-1.190918	1.353027	3.723145	-7.777166	3.906384	0.699679
-1.506348	1.220215	3.680664	-7.777166	3.584550	0.187736
-1.768066	1.152832	3.639160	-7.777166	3.022054	-0.354824
-2.016602	1.174316	3.590820	-7.777166	2.428941	-1.078712
-2.108887	1.245605	3.372559	-7.777166	1.975146	-1.882583
-2.091309	1.405762	3.137207	-7.777166	1.645955	-2.851881
-1.942871	1.495605	2.782715	-7.777166	1.265973	-3.744043
-1.708496	1.600586	2.402344	-7.777166	1.055927	-4.491665
-1.478516	1.620605	2.029785	-7.777166	0.858460	-5.151946
-1.325195	1.592285	1.743164	-7.777166	0.793191	-5.598857
-1.170410	1.589355	1.521973	-7.777166	0.683540	-5.936830
-1.169922	1.453125	1.354004	-7.777166	0.343906	-6.069503
-1.233887	1.426758	1.152832	-7.494257	-0.216217	-6.204787
-1.348145	1.467773	1.060059	-6.764910	-0.754979	-6.433346
-1.461914	1.468262	0.953613	-6.213094	-1.061386	-6.794103
-1.663574	1.451660	0.911133	-5.500598	-1.205214	-7.440856
-1.811523	1.483398	0.851562	-4.832486	-1.216369	-7.777166
-1.788086	1.465332	0.730469	-3.990877	-1.009171	-7.777166
-1.653809	1.431641	0.702148	-3.070946	-0.607116	-7.777166
-1.454102	1.470215	0.772461	-2.189464	-0.191296	-7.777166
-1.233887	1.573730	0.972656	-1.378235	0.277925	-7.777166
-0.954590	1.643555	1.197266	-0.709647	0.623256	-7.777166
-0.706055	1.852539	1.375488	-0.087816	0.854425	-7.777166
-0.574219	2.024902	1.555176	0.515028	1.171749	-7.777166
-0.391113	1.955078	1.794922	1.038601	1.371590	-7.777166
-0.127441	1.934082	2.094238	1.449912	1.521589	-7.777166
0.270996	1.984375	2.424316	1.618186	1.621509	-7.777166
0.909180	1.981445	2.746094	1.644768	1.834166	-7.777166
1.588867	1.849121	3.063477	1.573566	2.253783	-7.777166
2.229004	1.822754	3.356445	1.444690	2.660347	-7.777166
2.766113	1.812500	3.633789	1.262888	2.951089	-7.777166
3.348145	1.692871	3.873047	0.900944	3.172528	-7.777166
3.675293	1.578613	3.999878	0.512655	3.262480	-7.777166
3.982422	1.414062	3.999878	0.016614	3.062164	-7.777166
3.999878	1.202637	3.999878	-0.462102	2.861849	-7.777166
3.999878	1.047852	3.999878	-0.881719	2.719208	-7.777166
3.999878	0.876953	3.991699	-1.134724	2.384320	-7.777166
3.999878	0.783691	3.994141	-1.197619	2.001253	-7.777166
3.999878	0.703125	3.848145	-1.266922	1.522538	-7.511108
3.999878	0.607910	3.735840	-1.237967	1.228473	-5.932795
3.999878	0.476074	3.663574	-1.174122	0.988522	-4.502108
3.999878	0.230469	3.582520	-1.094613	0.922304	-3.277669
3.999878	0.227051	3.582520	-0.968348	0.827131	-2.493022
3.801758	0.265625	3.532715	-0.793903	0.666214	-1.937171
3.544434	0.307129	3.514648	-0.670724	0.612575	-1.569057
3.349121	0.319824	3.528809	-0.574363	0.533778	-1.265024
3.158691	0.303223	3.521484	-0.481326	0.438368	-1.029582
3.004883	0.291504	3.492676	-0.426975	0.355061	-0.859884
2.899902	0.282227	3.497070	-0.360283	0.300710	-0.744299
2.818359	0.240234	3.540039	-0.320409	0.197942	-0.633224
2.811035	0.248047	3.540527	-0.316375	0.160442	-0.470171
2.782715	0.250000	3.533691	-0.360995	0.168512	-0.227372
2.707031	0.239258	3.502930	-0.394460	0.185600	0.046756
2.607422	0.219238	3.438965	-0.396358	0.190347	0.326106
2.469727	0.215820	3.403809	-0.374048	0.169936	0.589079
2.293457	0.215332	3.373535	-0.341770	0.105379	0.797463
2.136230	0.203125	3.372070	-0.319223	0.007832	0.930137
1.977051	0.202148	3.340332	-0.292878	-0.060522	0.979978
1.838867	0.169922	3.356445	-0.299049	-0.092800	0.991845
1.717773	0.142090	3.330566	-0.294065	-0.099446	0.972858
1.623047	0.142090	3.297363	-0.294302	-0.076898	0.946988
1.556641	0.125488	3.272949	-0.316612	-0.004035	0.918507
1.507812	0.093750	3.256836	-0.295489	0.028243	0.895722
1.458984	0.077148	3.246094	-0.258464	0.050316	0.857036
1.447266	0.062012	3.235352	-0.225948	0.046756	0.827131
1.429199	0.061035	3.263672	-0.225948	-0.002611	0.813128
1.434570	0.083496	3.288086	-0.246597	-0.059572	0.824758
1.436035	0.056152	3.292480	-0.292878	-0.145015	0.861545
1.422852	0.032227	3.278809	-0.283622	-0.191771	0.903554
1.403320	0.025879	3.285645	-0.314476	-0.191059	0.929187
1.382324	0.030762	3.291016	-0.348890	-0.137657	0.954345
1.342773	0.041016	3.246094	-0.361707	-0.005459	0.926576
output[0] = 0
output[1] = 0
output[2] = 0
output[3] = 0
output[4] = 0
output[5] = 0
output[6] = 0
output[7] = 0
output[8] = 0
output[9] = 0
output[10] = 0
output[11] = 0
output[12] = 0
Action Type: 3