1.240723	-0.325684	1.554688	2.374115	1.667553	-0.442165
1.343750	-0.309570	1.658203	2.623559	1.931475	-0.269619
1.430176	-0.296875	1.706543	2.797293	2.217470	0.018987
1.442383	-0.260254	1.646484	2.939459	2.467390	0.377608
1.441406	-0.223633	1.506836	3.205281	2.645869	0.745961
1.364258	-0.154785	1.404297	3.637002	2.807736	1.131164
1.235352	-0.096191	1.381348	4.054959	2.850931	1.440418
1.024902	-0.034668	1.452637	4.524180	2.825536	1.678945
0.860352	0.052246	1.568359	4.933592	2.728701	1.787172
0.665527	0.107910	1.759277	5.278685	2.474984	1.852204
0.511230	0.173340	1.938477	5.587702	2.124196	1.807346
0.427246	0.223145	2.089355	5.847827	1.879023	1.696508
0.358887	0.308105	2.288574	6.091101	1.676572	1.527759
0.308105	0.407715	2.449707	6.308030	1.535592	1.356400
0.361816	0.537598	2.573242	6.528045	1.504975	1.134012
0.476074	0.690430	2.733887	6.763961	1.696746	0.951497
0.676270	0.838867	2.873047	6.965700	2.191838	0.771831
0.795898	0.908691	3.126465	7.186189	2.648005	0.672622
0.887695	0.937988	3.390625	7.339748	2.874191	0.635360
0.986816	0.981934	3.659668	7.436346	3.008763	0.674758
1.062988	1.024414	3.933594	7.437058	3.057892	0.816925
1.201660	1.042480	3.999878	7.418783	3.036532	1.105768
1.310547	1.042969	3.999878	7.478830	3.188667	1.469848
1.543457	1.139648	3.999878	7.383893	3.562003	1.941444
1.935059	1.176758	3.999878	7.555016	4.179563	2.610743
2.279785	1.253906	3.999878	7.588006	5.197989	3.402748
2.488770	1.296387	3.999878	7.447738	6.637933	4.568326
2.355957	1.406250	3.999878	7.114038	7.660158	5.801309
1.964355	1.541016	3.999878	6.763486	7.776929	7.002013
1.442383	1.657227	3.999878	6.269106	7.776929	7.776929
1.096191	1.723145	3.999878	5.807005	7.776929	7.776929
0.839355	1.861328	3.999878	5.382403	7.703591	7.776929
0.776855	2.002441	3.999878	4.965871	7.396710	7.776929
0.704590	2.246094	3.999878	4.599655	7.175746	7.776929
0.463379	2.381348	3.999878	4.289926	6.936507	7.776929
0.114258	2.598145	3.999878	3.941036	6.545371	7.776929
-0.261719	2.666016	3.999878	3.407495	5.858508	7.776929
-0.546387	2.666992	3.999878	2.828622	5.312150	7.776929
-0.737305	2.597656	3.999878	2.291520	5.031139	7.776929
-0.862793	2.576172	3.999878	1.729973	5.054636	7.776929
-0.970703	2.596191	3.999878	1.056164	5.336833	7.776929
-1.112793	2.656738	3.999878	0.244223	5.322356	7.776929
-1.299805	2.673340	3.999878	-0.538762	4.762470	7.776929
-1.367676	2.591797	3.999878	-1.307270	3.919200	7.776929
-1.418945	2.451172	3.999878	-1.921507	3.492937	7.776929
-1.436035	2.327148	3.999878	-2.617863	3.504329	7.776929
-1.467773	2.269531	3.999878	-3.127433	3.768489	7.776929
-1.596191	2.234863	3.999878	-3.542541	3.882412	7.776929
-1.791016	2.141602	3.999878	-3.968567	3.793172	7.776929
-1.903320	2.095215	3.999878	-4.358280	3.624898	7.776929
-2.059570	1.978516	3.999878	-4.755113	3.471814	7.633338
-1.996582	1.931641	3.999878	-5.124414	3.347447	6.699642
-1.966797	1.867188	3.999878	-5.370773	3.467067	5.726072
-1.815918	1.803711	3.999878	-5.644427	3.750451	4.663262
-1.672363	1.774902	3.999878	-5.860406	3.912792	3.807175
-1.509277	1.729492	3.999878	-6.113411	3.858916	3.075455
-1.407715	1.680664	3.999878	-6.451146	3.731227	2.540490
-1.287598	1.640137	3.999878	-6.824245	3.603300	2.043025
-1.187012	1.631836	3.999878	-7.132550	3.459947	1.669214
-1.079590	1.613281	3.999878	-7.413324	3.356941	1.352602
-1.020020	1.572266	3.999878	-7.686028	3.252748	1.044060
-1.008301	1.518066	3.833984	-7.777166	3.203856	0.765897
-1.074219	1.526855	3.615723	-7.777166	3.116515	0.441928
-1.187500	1.430664	3.445312	-7.777166	3.031310	0.102056
-1.275879	1.299805	3.295410	-7.777166	2.847134	-0.332751
-1.279785	1.183105	3.059570	-7.658971	2.685743	-0.731957
-1.219727	1.066406	2.866211	-7.438244	2.506788	-0.974994
-1.166504	1.083496	2.714844	-7.135636	2.334004	-1.219454
-1.184570	1.027344	2.548340	-6.840147	2.167392	-1.395798
-1.244629	0.963379	2.356445	-6.386115	2.006238	-1.619847
-1.358887	0.880859	2.311035	-6.016101	1.887330	-1.897773
-1.396484	0.858887	2.223633	-5.561832	1.725464	-2.248562
-1.381348	0.846680	2.159668	-5.032801	1.363757	-2.595791
-1.435059	0.739258	2.005859	-4.485019	1.222065	-2.985029
-1.425293	0.683105	1.985352	-3.890245	1.065658	-3.464694
-1.433105	0.747070	2.010254	-3.317068	0.836625	-3.883837
-1.411133	0.748047	2.096680	-2.836691	0.563446	-4.357805
-1.378418	0.755859	2.190918	-2.479019	0.352213	-4.827976
-1.435547	0.822266	2.285645	-2.234321	0.148575	-5.239524
-1.570801	0.935547	2.341309	-2.073405	-0.132673	-5.751705
-1.611816	0.994629	2.364258	-2.076253	-0.449048	-6.264597
-1.624023	1.044434	2.367676	-2.068183	-0.643192	-6.800036
-1.565430	1.106445	2.271973	-2.022139	-0.722227	-7.281600
-1.413574	1.190430	2.149902	-1.929339	-0.742400	-7.720442
-1.346680	1.289551	2.066895	-1.793343	-0.757115	-7.777166
-1.468750	1.471191	1.975098	-1.625069	-0.952447	-7.777166
-1.715332	1.637695	1.882324	-1.272144	-1.271195	-7.777166
-1.907227	1.779297	1.738281	-0.868191	-1.421668	-7.777166
-2.162109	1.966309	1.659668	-0.310916	-1.311542	-7.777166
-2.412598	2.171387	1.628418	0.337498	-0.981877	-7.777166
-2.534668	2.430176	1.877930	1.020326	-0.896197	-7.777166
-2.230957	2.716797	2.160156	1.505212	-1.166290	-7.777166
-1.861328	3.087402	2.511719	1.781713	-1.452997	-7.777166
-1.386719	3.616211	2.789062	1.828707	-1.544611	-7.777166
-0.840820	3.971191	3.056152	1.686777	-1.399596	-7.777166
-0.129395	3.999878	3.307617	1.374438	-1.168664	-7.777166
0.599609	3.999878	3.456055	0.973807	-1.106955	-7.777166
1.866699	3.999878	3.376953	0.638920	-0.575313	-7.777166
3.725586	3.861816	3.045410	0.613287	0.750707	-7.777166
3.999878	3.777832	2.823242	1.155847	2.093341	-7.777166
3.999878	3.572754	2.477051	2.310033	3.461371	-7.777166
3.999878	2.896973	2.694824	3.640800	4.948308	-7.777166
3.999878	1.954590	3.289062	4.671331	6.025120	-7.777166
3.999878	1.055176	3.999878	5.337783	6.200990	-7.777166
3.999878	0.652832	3.999878	5.303369	5.744110	-7.777166
3.999878	0.137207	3.999878	4.707170	4.986757	-5.515788
3.999878	-0.195801	3.999878	3.793647	3.990877	-3.373080
3.999878	-0.207520	3.999878	2.454811	2.704255	-1.607268
3.999878	-0.177734	3.999878	1.193347	1.591604	-0.514079
3.653320	-0.091309	3.999878	-0.048655	0.450947	0.253479
3.179688	0.007812	3.999878	-1.143031	-0.659331	0.807432
2.853516	0.089844	3.999878	-1.881159	-1.586145	1.133300
2.659668	0.157715	3.999878	-2.240255	-2.186141	1.279027
2.528809	0.109863	3.999878	-2.362010	-2.471662	1.321985
2.444824	0.135742	3.899414	-2.251173	-2.557816	1.298014
2.386719	0.161621	3.658203	-1.918896	-2.342311	1.199993
2.288574	0.152344	3.435059	-1.520877	-1.899909	1.045247
2.210449	0.175781	3.350098	-0.851577	-1.253869	0.796277
2.117676	0.183594	3.382812	-0.393748	-0.636072	0.555376
1.998535	0.199707	3.489746	0.145015	0.050553	0.292166
1.908691	0.198730	3.739746	0.536626	0.621357	0.092800
1.825195	0.245605	3.999512	0.702765	1.016291	-0.011867
1.725586	0.255371	3.999878	0.649126	1.216606	-0.065269
1.612793	0.208008	3.999878	0.385678	1.166528	-0.098259
1.564941	0.163086	3.999878	-0.012104	0.894298	-0.069066
1.552734	0.147461	3.999878	-0.452608	0.511706	0.042247
1.552246	0.110840	3.999878	-0.876972	0.091376	0.228796
1.550781	0.068359	3.999878	-1.250309	-0.273179	0.474443
1.518555	0.052734	3.999878	-1.492158	-0.498177	0.760676
1.479980	0.046387	3.858887	-1.633613	-0.646752	1.039076
1.368652	0.041504	3.676758	-1.628629	-0.711309	1.279264
1.214844	0.067383	3.550781	-1.546272	-0.707037	1.450149
1.063477	0.046875	3.421387	-1.416209	-0.645328	1.527997
0.948242	0.037109	3.358887	-1.261226	-0.473731	1.496668
0.820801	-0.014160	3.321777	-1.054503	-0.214081	1.407665
0.738770	-0.039551	3.272461	-0.839473	0.090189	1.279501
0.654785	-0.052246	3.229980	-0.623256	0.384017	1.123806
0.576660	-0.056641	3.266602	-0.431247	0.628002	0.967874
0.530273	-0.087891	3.292480	-0.295963	0.788682	0.813365
0.492676	-0.103516	3.331055	-0.220489	0.885042	0.666214
0.459961	-0.097656	3.370117	-0.169224	0.920643	0.521199
0.459473	-0.083496	3.366211	-0.104904	0.908064	0.367403
0.454102	-0.072266	3.418945	-0.079509	0.812890	0.175157
0.539062	-0.105469	3.444824	-0.060284	0.642005	0.004272
0.690430	-0.116211	3.499512	-0.131961	0.467086	-0.088291
0.817871	-0.134766	3.529297	-0.114873	0.319460	-0.100870
0.920898	-0.156250	3.555664	-0.194619	0.151186	-0.026582
0.975098	-0.162109	3.580078	-0.243748	-0.030854	0.079746
0.985840	-0.163574	3.591309	-0.240663	-0.196755	0.188686
0.978027	-0.145508	3.562012	-0.258464	-0.282672	0.277451
output[0] = 0
output[1] = 0
output[2] = 0
output[3] = 0
output[4] = 0
output[5] = 0
output[6] = 0
output[7] = 0
output[8] = 0
output[9] = 0
output[10] = 100
output[11] = 0
output[12] = 0
Action Type: 10