0.607422	0.156250	3.966797	0.358384	0.007358	0.134809
0.624023	0.165039	3.995605	0.315188	0.028481	0.135521
0.631836	0.149414	3.998047	0.284096	0.044383	0.155933
0.609375	0.164551	3.999878	0.259888	0.053402	0.174920
0.575195	0.167480	3.999878	0.236154	0.060759	0.177531
0.535645	0.183105	3.999878	0.209097	0.054588	0.152372
0.512695	0.171387	3.999878	0.183464	0.033465	0.109177
0.493652	0.130859	3.999878	0.180853	-0.007120	0.062895
0.503418	0.194824	3.999878	0.137895	-0.026582	0.022073
0.517578	0.162109	3.999878	0.084018	-0.057199	-0.026819
0.540527	0.155273	3.999878	0.069303	-0.035364	-0.058386
0.550781	0.144531	3.999878	0.115110	-0.012342	-0.070490
0.568848	0.157227	3.999878	0.133385	0.014952	-0.079746
0.579590	0.146484	3.999878	0.156407	-0.010918	-0.094936
0.597656	0.150879	3.999878	0.168986	-0.000237	-0.087579
0.623047	0.165039	3.999878	0.182277	-0.018275	-0.066693
0.625977	0.183594	3.999878	0.201027	-0.021123	-0.054351
0.597656	0.193848	3.999878	0.202926	0.009731	-0.045095
0.569824	0.191895	3.999878	0.191059	0.055300	-0.041535
0.528320	0.232422	3.999878	0.164714	-0.014715	-0.054588
0.482910	0.295898	3.999878	-0.006646	-0.145727	-0.085917
0.447754	0.347656	3.999878	-0.159967	-0.263448	-0.127452
0.409668	0.375000	3.999878	-0.366928	-0.374286	-0.165901
0.342285	0.425293	3.999878	-0.580772	-0.416058	-0.240188
0.270996	0.449707	3.999878	-0.831878	-0.410836	-0.338685
0.199707	0.432617	3.999878	-1.045484	-0.400156	-0.464712
0.143555	0.404297	3.999878	-1.179344	-0.360757	-0.617085
0.065918	0.401855	3.999878	-1.232745	-0.264634	-0.813365
0.042969	0.401367	3.999878	-1.294929	-0.210996	-0.996355
-0.032227	0.412109	3.999878	-1.474120	-0.239714	-1.219929
-0.056641	0.390625	3.999878	-1.645955	-0.285520	-1.444216
-0.091797	0.379395	3.999878	-1.824435	-0.380694	-1.732584
-0.039551	0.337402	3.970703	-1.994608	-0.445488	-1.987250
0.042480	0.319824	3.784668	-2.054418	-0.368352	-2.233847
0.112305	0.304688	3.554199	-2.135825	-0.250157	-2.437247
0.184570	0.260742	3.373047	-2.134164	-0.151898	-2.606708
0.315430	0.237793	3.202148	-2.071269	-0.050079	-2.734160
0.451172	0.168457	3.099121	-1.988912	0.007595	-2.853305
0.672852	0.113770	3.016602	-1.902757	0.038212	-2.924270
0.967285	0.049316	2.958984	-1.824672	0.062183	-2.891279
1.297852	-0.004395	2.942383	-1.762014	0.097547	-2.740568
1.606445	-0.068848	2.940918	-1.743027	0.063370	-2.440808
1.949219	-0.185547	2.826172	-1.737094	0.211233	-2.067471
2.236816	-0.308594	2.687988	-1.692474	0.229983	-1.538202
2.387695	-0.375977	2.611816	-1.573091	0.030380	-0.815264
2.353027	-0.518555	2.540039	-1.386305	-0.147626	-0.098734
2.241211	-0.663574	2.432129	-1.133775	-0.168986	0.503636
2.131348	-0.764160	2.313965	-0.782986	-0.047231	1.040737
1.998047	-0.702637	2.335449	-0.362181	0.009256	1.591367
1.794434	-0.587891	2.465820	0.103955	-0.284808	2.137724
1.520508	-0.458496	2.494629	0.751657	-0.721277	2.573955
1.246094	-0.144531	2.676758	1.776255	-1.250309	2.864223
1.199219	0.265625	2.953613	3.122686	-1.750622	3.038430
1.215332	0.579590	3.399902	4.356381	-1.377760	3.154490
1.155273	1.181152	3.999878	5.386675	-0.372150	3.300454
0.792969	1.449219	3.999878	5.718714	0.726736	3.425532
0.167480	1.414062	3.999878	5.602892	1.526573	3.374979
-0.540039	1.429688	3.999878	4.972042	2.001253	2.995472
-1.175293	1.464355	3.999878	3.785103	2.137961	2.360112
-1.661621	1.402344	3.999878	2.162407	2.066759	1.433535
-1.894043	1.257324	3.999878	0.522149	1.812805	0.464712
-1.888184	1.090820	3.999878	-1.236068	1.380134	-0.632987
-1.742676	0.934082	3.999878	-2.475934	0.848966	-1.494532
-1.581055	0.764648	3.999878	-3.197448	0.291691	-2.288910
-1.247559	0.622559	3.883301	-3.478222	-0.212894	-3.117465
-0.746582	0.476074	3.175781	-3.398950	-0.551579	-3.822128
-0.215332	0.125000	2.646484	-3.032497	-0.796514	-4.373232
0.422852	-0.066406	2.328613	-2.413751	-1.095088	-4.681775
1.134277	-0.132812	2.175293	-1.762726	-1.239391	-4.762945
1.893066	-0.182617	2.166992	-1.164154	-1.156559	-4.555747
2.566406	-0.320801	2.283691	-0.698255	-1.015342	-4.010813
3.032227	-0.494141	2.433105	-0.367403	-0.851814	-3.143335
3.299316	-0.699219	2.510254	-0.168274	-0.660281	-2.063911
3.354004	-0.773926	2.511230	0.040585	-0.364792	-0.910200
3.290527	-0.757812	2.559570	0.258226	-0.093275	0.174920
3.121094	-0.633789	2.554199	0.518826	0.100632	1.301811
2.608887	-0.553223	2.646973	0.767796	0.326106	2.280128
2.113281	-0.458496	2.755371	0.964314	0.524522	2.991199
1.728516	-0.321777	2.867188	1.085120	0.726261	3.520943
1.217285	-0.197754	3.061035	1.138284	0.684727	4.053060
0.803711	-0.077637	3.173340	1.182429	0.465187	4.455352
0.292480	0.116211	3.332031	1.313916	-0.070015	4.722834
-0.314941	0.387207	3.587891	1.730448	-1.262650	4.798783
-0.879883	0.639648	3.908203	2.439621	-2.479257	4.515162
-1.325195	0.940430	3.999878	3.126484	-3.016832	3.825925
-1.659668	1.160645	3.999878	3.305438	-2.521978	2.739144
-1.841797	1.154785	3.999878	3.100139	-1.558376	1.407903
-1.766113	1.134766	3.999878	2.810109	-0.466611	0.153322
-1.476074	1.200684	3.999878	2.404732	0.504585	-0.966924
-1.001953	1.194824	3.999878	1.754657	1.173173	-1.915099
-0.582520	1.121582	3.999878	0.967162	1.412412	-2.498956
-0.143066	1.082031	3.999878	-0.048655	1.396273	-2.962007
0.317871	0.955078	3.999878	-1.171512	1.172698	-3.285264
0.782715	0.736328	3.999878	-2.264938	0.876498	-3.311134
1.107910	0.477051	3.999878	-3.131468	0.507908	-3.051009
1.263672	0.262207	3.999878	-3.585974	0.050791	-2.687641
1.419922	0.082520	3.999878	-3.784153	-0.141217	-2.291758
1.517090	-0.069824	3.741699	-3.612556	-0.234730	-1.963991
1.697754	-0.132324	3.460938	-3.242780	-0.020649	-1.710274
1.915527	-0.231934	3.360840	-2.875140	0.305220	-1.417159
2.144531	-0.322754	3.394531	-2.612879	0.607828	-1.007035
2.332520	-0.344727	3.419434	-2.464304	0.822621	-0.503873
2.421875	-0.356445	3.356445	-2.403070	0.896197	0.082594
2.407715	-0.347656	3.235352	-2.380998	0.821909	0.765897
2.317871	-0.308594	3.059082	-2.330682	0.661230	1.466288
2.136719	-0.209961	2.732910	-2.193736	0.550867	2.146506
1.853516	-0.061035	2.348145	-1.899197	0.523335	2.757182
1.530762	0.104980	2.060059	-1.396985	0.589553	3.229964
1.145996	0.235352	1.839844	-0.754742	0.639869	3.627272
0.625000	0.362305	1.731445	-0.060759	0.523098	3.884311
0.053711	0.417969	1.718262	0.670724	0.255853	3.921099
-0.555664	0.467773	1.764160	1.398646	-0.091376	3.679249
-1.143066	0.493652	1.961426	2.097851	-0.449997	3.121974
-1.536621	0.495117	2.091797	2.694999	-0.838998	2.339463
-1.829102	0.549805	2.309570	3.294520	-1.157271	1.251021
-1.983398	0.557617	2.521484	3.818331	-1.274992	0.151898
-1.939453	0.659180	2.822754	4.223233	-1.253631	-1.135673
-1.610352	0.760254	3.226074	4.480510	-1.019377	-2.338514
-1.138672	0.760742	3.670410	4.548389	-0.814315	-3.295233
-0.610840	0.681152	3.999878	4.432093	-0.555376	-3.921099
-0.063965	0.631348	3.999878	4.071573	-0.295489	-4.269752
0.477051	0.583984	3.999878	3.399188	-0.069541	-4.349261
0.856445	0.426758	3.999878	2.440808	-0.232356	-4.116905
1.142578	0.251953	3.999878	1.250546	-0.637971	-3.702508
1.381348	0.032715	3.999878	-0.003560	-1.106243	-3.226404
1.681152	-0.088379	3.999878	-1.021750	-1.501415	-2.679097
1.894531	-0.121582	3.999878	-1.644768	-1.764150	-2.036380
2.003418	-0.116211	3.999878	-1.869292	-1.821349	-1.465339
2.211914	-0.111816	3.999878	-1.710749	-1.517079	-1.000864
2.541992	-0.091309	3.999878	-1.344770	-0.933697	-0.546832
2.940430	-0.018555	3.999878	-0.808618	-0.074525	0.171360
3.222168	0.115234	3.999878	-0.259176	0.831878	1.124044
3.192871	0.234375	3.999878	0.036313	1.583772	2.268736
2.728027	0.279785	3.999878	0.093987	2.031633	3.359077
2.022461	0.394531	3.999878	0.025395	2.216996	4.083202
1.446289	0.510742	3.999878	-0.179429	2.120161	4.482646
0.928223	0.593750	3.999878	-0.464712	1.960431	4.657566
0.372559	0.652832	3.999878	-0.726973	1.700068	4.596095
-0.055176	0.670898	3.698730	-0.951023	1.368504	4.287077
-0.355469	0.630859	3.301270	-1.016766	1.010832	3.826875
-0.635742	0.586426	2.983398	-0.896434	0.670012	3.316356
-0.991211	0.492188	2.771973	-0.597386	0.237340	2.817466
-1.385742	0.356445	2.692383	-0.284334	-0.053402	2.202043
-1.800781	0.263672	2.668457	0.079509	-0.372862	1.372539
-2.219727	0.226074	2.728027	0.504348	-0.665027	0.246359
-2.409180	0.236328	2.835449	0.777764	-0.979266	-1.134249
-2.489746	0.273438	2.889160	1.089867	-1.216844	-2.616677
-2.197754	0.329102	3.127930	1.442792	-1.236068	-4.264293
-1.511719	0.468750	3.456543	1.730685	-1.177208	-5.754552
-0.584473	0.602051	3.927734	1.918896	-0.861308	-6.705575
output[0] = 0
output[1] = 0
output[2] = 0
output[3] = 0
output[4] = 100
output[5] = 0
output[6] = 0
output[7] = 0
output[8] = 0
output[9] = 0
output[10] = 0
output[11] = 0
output[12] = 0
Action Type: 4