1.992188	-0.153809	1.603027	0.016376	0.096835	-0.106328
1.954590	-0.167480	1.623535	0.097310	0.101582	-0.092800
1.968262	-0.143555	1.612793	0.155458	0.077610	-0.071677
1.974121	-0.140625	1.659180	0.187261	0.029430	-0.048892
1.951660	-0.152832	1.681152	0.221438	-0.000712	-0.018513
1.944336	-0.153320	1.699707	0.217166	-0.013766	-0.006646
1.959473	-0.135742	1.699707	0.195806	-0.030380	-0.003085
1.942871	-0.137695	1.706543	0.166376	-0.037500	-0.005221
1.975098	-0.135254	1.717773	0.127689	-0.034414	0.006171
1.993164	-0.116699	1.699707	0.076898	-0.047468	0.042247
2.057617	-0.095215	1.712891	0.028243	-0.054826	0.132911
2.093750	-0.103516	1.667969	0.000475	-0.069778	0.283622
2.141602	-0.093262	1.616211	-0.001661	-0.018038	0.511468
2.163086	-0.103027	1.614258	-0.004747	0.018750	0.745723
2.158691	-0.095215	1.579590	0.017563	0.055300	0.957431
2.135254	-0.097168	1.571289	0.088528	0.055063	1.143743
2.205566	-0.064453	1.553711	0.133623	0.033228	1.403156
2.346680	-0.046387	1.577637	0.238527	-0.041535	1.810194
2.392578	-0.111816	1.551270	0.407751	-0.210996	2.237407
2.251465	-0.167480	1.505371	0.595249	-0.319460	2.485665
2.001953	-0.202637	1.547363	0.739315	-0.362656	2.500617
1.777344	-0.253418	1.597656	0.816688	-0.401580	2.299353
1.619629	-0.308594	1.648438	0.856086	-0.365741	1.933849
1.539551	-0.372070	1.686523	0.756404	-0.283622	1.532506
1.520020	-0.400879	1.734863	0.610914	-0.179192	1.151100
1.549316	-0.435547	1.773438	0.439792	-0.081170	0.824045
1.553223	-0.489258	1.758301	0.257040	0.015664	0.548019
1.533203	-0.510254	1.799316	0.073575	0.130062	0.237815
1.499512	-0.505859	1.797363	-0.127689	0.209809	-0.089715
1.522949	-0.524414	1.785156	-0.287419	0.280299	-0.416058
1.574219	-0.527344	1.772461	-0.455219	0.333938	-0.749046
1.616211	-0.501953	1.731445	-0.533066	0.350789	-1.073965
1.666504	-0.485840	1.704590	-0.597860	0.427450	-1.343821
1.708008	-0.474609	1.684082	-0.657670	0.473019	-1.551731
1.743164	-0.460938	1.725586	-0.708935	0.501975	-1.749435
1.735840	-0.411621	1.727051	-0.761388	0.487260	-1.899672
1.775391	-0.382812	1.756348	-0.798650	0.449048	-2.031158
1.843750	-0.343262	1.737305	-0.851814	0.417244	-2.109006
1.908203	-0.292969	1.738770	-0.886466	0.388526	-2.125620
1.980957	-0.259277	1.745605	-0.913285	0.384491	-2.083610
2.050293	-0.213379	1.705566	-0.925152	0.392323	-1.976570
2.114746	-0.180664	1.706543	-0.907589	0.392086	-1.803786
2.167969	-0.131348	1.689453	-0.893824	0.304033	-1.580212
2.261719	-0.104980	1.622070	-0.788444	0.209571	-1.306321
2.371582	-0.020020	1.532227	-0.622544	0.121518	-0.902605
2.523926	0.016602	1.472656	-0.339871	-0.057436	-0.353400
2.585449	0.038086	1.416504	0.015902	-0.141692	0.228321
2.570801	0.030273	1.400391	0.404191	-0.276976	0.837337
2.487793	0.028809	1.405762	0.761862	-0.472782	1.354738
2.354004	0.024414	1.418457	1.076338	-0.643192	1.724752
2.219727	-0.016113	1.401367	1.343821	-0.665502	1.953548
2.061523	-0.046875	1.478516	1.507823	-0.703951	2.047535
1.951172	-0.074219	1.566895	1.589468	-0.755454	2.032345
1.884766	-0.134277	1.624512	1.619373	-0.796751	1.955209
1.812988	-0.180664	1.679199	1.542712	-0.748809	1.814466
1.724609	-0.231934	1.737793	1.386305	-0.619458	1.563598
1.606445	-0.271484	1.822266	1.124518	-0.440504	1.193584
1.510742	-0.298340	1.857422	0.790106	-0.241138	0.747622
1.471680	-0.321777	1.885254	0.439080	-0.028243	0.295014
1.506836	-0.343262	1.900879	0.117721	0.070253	-0.122468
1.566895	-0.349609	1.853516	-0.139556	0.150236	-0.453083
1.579102	-0.388184	1.826660	-0.366928	0.232593	-0.749521
1.613770	-0.379395	1.801758	-0.557038	0.318036	-1.025073
1.635742	-0.349609	1.787109	-0.708698	0.318748	-1.311068
1.695312	-0.347656	1.731934	-0.806482	0.347704	-1.547221
1.786133	-0.307129	1.732422	-0.862732	0.382830	-1.733059
1.888672	-0.255371	1.710938	-0.893824	0.382830	-1.798802
1.999023	-0.203613	1.729004	-0.899520	0.356248	-1.756555
2.090332	-0.169922	1.706543	-0.885279	0.320884	-1.613439
2.178711	-0.157227	1.671875	-0.877922	0.256090	-1.382270
2.263672	-0.114258	1.645508	-0.792479	0.147626	-1.051417
2.339355	-0.113281	1.594238	-0.650550	0.045095	-0.636784
2.370605	-0.112305	1.516113	-0.438842	-0.080458	-0.212894
2.322754	-0.139648	1.453613	-0.155695	-0.215980	0.160442
2.295898	-0.101562	1.405273	0.163053	-0.304508	0.511706
2.406738	-0.046387	1.401855	0.526183	-0.492718	1.014867
2.546875	-0.039551	1.395996	0.923966	-0.825944	1.685591
2.591309	-0.099121	1.333496	1.331242	-1.040500	2.362010
2.477051	-0.093750	1.365723	1.696271	-1.082509	2.859476
2.232910	-0.134766	1.449219	1.934086	-1.071829	3.124110
1.885254	-0.203125	1.578125	1.998643	-0.995642	3.018731
1.599609	-0.276367	1.694824	1.873090	-0.876023	2.688828
1.394531	-0.333984	1.768555	1.602522	-0.767321	2.145319
1.307617	-0.400879	1.821289	1.244375	-0.496516	1.531794
1.300781	-0.456055	1.843262	0.844931	-0.250157	0.914235
1.310059	-0.499512	1.841309	0.445488	0.012816	0.337261
1.331543	-0.500977	1.823730	0.072151	0.202451	-0.208385
1.368652	-0.514160	1.806641	-0.245173	0.343906	-0.704189
1.448242	-0.513184	1.778320	-0.501025	0.415108	-1.151100
1.515625	-0.502441	1.747070	-0.698255	0.477529	-1.515180
1.577637	-0.463379	1.708496	-0.850390	0.504348	-1.853153
1.691895	-0.390137	1.687012	-0.955532	0.571753	-2.117313
1.802734	-0.331543	1.713867	-1.053554	0.627765	-2.295555
1.920410	-0.270020	1.729004	-1.139471	0.672385	-2.338514
2.033691	-0.209473	1.730957	-1.209961	0.667876	-2.267312
2.151367	-0.154785	1.720215	-1.239628	0.551341	-2.038753
2.321777	-0.085938	1.662598	-1.200942	0.371200	-1.617711
2.572754	-0.025879	1.543945	-0.994930	0.079272	-0.937019
2.833496	-0.003906	1.396973	-0.611389	-0.198179	-0.006883
2.903809	-0.059082	1.323730	-0.121281	-0.426738	0.935595
2.841797	-0.049316	1.254395	0.448810	-0.717242	1.811856
2.693359	-0.069336	1.207031	1.014867	-0.888365	2.495633
2.379883	-0.180664	1.253906	1.509484	-0.949361	2.868020
1.987793	-0.236816	1.370605	1.790733	-0.939630	2.872767
1.634277	-0.294434	1.520020	1.876650	-0.893586	2.578702
1.384277	-0.363770	1.688965	1.763201	-0.803160	2.035430
1.233887	-0.442383	1.791504	1.476731	-0.566057	1.395561
1.180664	-0.509766	1.888184	1.011070	-0.306881	0.733856
1.211426	-0.530273	1.943848	0.487022	-0.065269	0.098022
1.302734	-0.512695	1.958984	-0.010918	0.114873	-0.459491
1.438965	-0.508301	1.858887	-0.405140	0.261549	-0.925627
1.539062	-0.484863	1.790527	-0.703239	0.412497	-1.308457
1.646973	-0.441895	1.737305	-0.953633	0.504348	-1.613914
1.746582	-0.375000	1.680176	-1.102208	0.561310	-1.846270
1.831543	-0.326172	1.629395	-1.181243	0.615423	-1.974434
1.906738	-0.279785	1.571777	-1.190974	0.634173	-2.022139
1.983398	-0.228027	1.562012	-1.154660	0.619695	-1.970874
2.048340	-0.201660	1.548828	-1.041449	0.587180	-1.857662
2.107910	-0.172363	1.554199	-0.938681	0.527133	-1.689626
2.136719	-0.136719	1.583008	-0.825944	0.444538	-1.484801
2.175781	-0.116211	1.577637	-0.713682	0.328004	-1.243188
2.199707	-0.112793	1.574219	-0.599996	0.248495	-0.987573
2.195312	-0.105957	1.587891	-0.505772	0.215030	-0.737179
2.187500	-0.093750	1.617188	-0.431959	0.173733	-0.521674
2.139160	-0.112305	1.609863	-0.389713	0.124604	-0.337735
2.088867	-0.111328	1.613770	-0.344855	0.088528	-0.202926
2.016113	-0.130371	1.598145	-0.289555	0.062420	-0.140031
1.968750	-0.140137	1.608398	-0.237815	0.021835	-0.112499
1.961426	-0.138672	1.613770	-0.185363	-0.026107	-0.100632
1.946289	-0.134277	1.602539	-0.160442	-0.069303	-0.097310
1.951172	-0.141602	1.588379	-0.108465	-0.049367	-0.105616
1.937988	-0.141602	1.573242	-0.081645	-0.028006	-0.091139
1.945801	-0.124512	1.592285	-0.056724	-0.021123	-0.082357
1.953613	-0.129883	1.609863	-0.018038	-0.016376	-0.054588
1.976562	-0.120117	1.590332	0.040111	-0.009019	-0.023259
2.004883	-0.109863	1.617676	0.078560	-0.010206	0.022310
1.999512	-0.118652	1.615234	0.116297	-0.014715	0.077848
1.974121	-0.123535	1.581543	0.146914	0.000949	0.102531
1.931641	-0.126953	1.618652	0.170648	0.022547	0.108465
1.912598	-0.144043	1.646973	0.182277	0.021123	0.097310
1.929688	-0.112793	1.642578	0.188686	-0.005934	0.074762
1.945801	-0.123047	1.668457	0.174208	-0.014478	0.062183
1.966797	-0.124512	1.672852	0.163053	-0.011867	0.065981
1.976562	-0.129395	1.678223	0.132911	0.001424	0.054588
1.945312	-0.135254	1.655762	0.098496	0.037500	0.054114
1.928223	-0.141602	1.672363	0.056012	0.037737	0.040348
1.929199	-0.147461	1.712402	-0.010443	0.013766	0.031566
1.940430	-0.154785	1.694824	-0.060284	-0.008307	0.034177
1.959961	-0.171875	1.688965	-0.108465	-0.005696	0.027057
1.948242	-0.166016	1.666504	-0.132911	-0.004747	0.026345
output[0] = 0
output[1] = 0
output[2] = 0
output[3] = 0
output[4] = 0
output[5] = 0
Action Type: 2