0.122070	0.423828	3.560547	1.674198	-0.128164	0.848729
0.222656	0.469238	3.615723	1.921744	0.311390	1.138047
0.219238	0.419922	3.770996	2.072930	0.713682	1.466526
0.084473	0.456543	3.906738	2.252834	0.782036	1.835827
-0.081543	0.482910	3.997070	2.487801	0.761150	2.053705
-0.237305	0.528320	3.999878	2.559478	0.532117	2.094053
-0.318359	0.580078	3.999878	2.498956	0.500788	2.132028
-0.477539	0.636230	3.999878	2.395475	0.610914	2.197771
-0.540039	0.691406	3.999878	2.263514	0.582670	2.254495
-0.455078	0.735840	3.999878	2.084322	0.510282	2.341837
-0.263184	0.771484	3.999878	1.923406	0.572465	2.484478
-0.098633	0.829102	3.999878	1.790258	0.764710	2.732499
0.028809	0.870117	3.974609	1.700068	1.087731	3.350770
-0.046387	0.798340	3.913574	1.682743	1.231084	4.344514
-0.223633	0.609375	3.660156	1.639547	1.494532	4.794274
-0.372559	0.713867	3.871094	2.157186	0.203638	5.092373
-0.396484	0.790527	3.243652	2.572769	0.288606	5.050364
-0.583984	0.947266	3.348145	2.475697	0.958855	4.812549
-0.787109	1.080566	3.399414	2.533370	1.297777	4.924099
-0.899902	1.117676	3.414551	2.769524	1.256717	4.869036
-0.926758	1.183105	3.460938	2.949665	1.439469	4.518247
-0.959961	1.227539	3.495605	2.911928	1.869292	4.221809
-0.999023	1.213867	3.685547	2.850219	2.296504	4.019595
-0.938965	1.218750	3.510742	2.791359	2.754809	3.934865
-1.001465	1.253906	3.681641	2.658923	2.882972	3.950529
-1.111328	1.273926	3.725098	2.546187	2.940171	4.033123
-1.303223	1.234375	3.836914	2.556867	2.785663	4.144199
-1.534668	1.390137	3.999878	2.612642	1.808296	4.256461
-1.420410	1.378418	3.997070	2.487089	0.106091	4.261445
-1.589355	0.867188	3.367188	2.204179	0.626341	3.769201
-1.472656	0.966309	3.095215	2.090019	1.325308	3.088509
-1.747559	1.123047	3.290527	2.130604	1.871665	2.885346
-2.073242	1.038574	3.566406	2.308372	1.529895	2.479257
-2.319336	1.075684	3.554688	2.412564	1.265736	1.741840
-2.449707	1.107422	3.673828	2.380998	0.880058	0.854425
-2.457520	1.145508	3.664062	2.387643	0.456643	-0.138607
-2.432129	1.065430	3.611816	2.493497	0.002373	-1.056164
-2.418457	0.980469	3.602051	2.610031	-0.430773	-1.921507
-2.426758	0.917969	3.617676	2.648955	-0.609727	-2.821739
-2.367188	0.980469	3.662598	2.576803	-0.687100	-3.754723
-2.243164	1.090332	3.659668	2.439621	-0.730296	-4.654480
-2.063965	1.237793	3.623047	2.283926	-0.815264	-5.433906
-1.850586	1.356445	3.492188	2.199907	-0.848966	-6.069028
-1.661133	1.454102	3.421875	2.180920	-0.806008	-6.576225
-1.502441	1.539551	3.316406	2.210350	-0.705138	-6.988722
-1.397949	1.608887	3.254395	2.282264	-0.540899	-7.269970
-1.362793	1.660156	3.253418	2.402121	-0.318985	-7.541013
-1.294922	1.690430	3.259766	2.473560	-0.183464	-7.726613
-1.173828	1.761230	3.266602	2.576092	-0.032753	-7.777166
-1.010742	1.865723	3.306152	2.689065	0.140743	-7.777166
-0.832520	1.927734	3.299316	2.805837	0.305932	-7.777166
-0.652344	1.930176	3.288574	2.936611	0.562734	-7.777166
-0.506836	2.009766	3.318848	3.031785	0.675233	-7.777166
-0.397461	2.020020	3.325684	3.156151	0.778951	-7.504462
-0.246094	1.985840	3.422363	3.232100	0.802922	-7.164828
-0.166504	1.924805	3.477051	3.293334	0.810517	-6.781049
-0.077637	1.863770	3.528809	3.286214	0.735043	-6.339596
0.000977	1.809570	3.576660	3.267464	0.648414	-5.863729
0.042969	1.729980	3.609863	3.258445	0.551104	-5.369349
0.062012	1.704590	3.692383	3.170866	0.343906	-4.838656
0.066895	1.678223	3.752930	3.055519	0.080933	-4.325289
0.092773	1.682129	3.793457	2.907418	-0.178955	-3.821416
0.141113	1.660645	3.798828	2.743416	-0.344855	-3.318492
0.187988	1.601074	3.785156	2.564462	-0.345093	-2.819365
0.195801	1.502441	3.799805	2.350618	-0.202214	-2.340650
0.189453	1.427734	3.844727	2.090968	-0.068591	-1.908691
0.173340	1.381348	3.881836	1.858612	-0.009019	-1.505687
0.144043	1.342285	3.875000	1.650227	-0.000949	-1.147540
0.138184	1.317871	3.915039	1.485513	-0.028243	-0.798650
0.108398	1.291016	3.902344	1.363283	-0.103718	-0.469696
0.098145	1.291992	3.900391	1.251021	-0.185363	-0.139081
0.096191	1.270020	3.932129	1.120721	-0.279824	0.185363
0.076172	1.249512	3.911133	0.958855	-0.345805	0.502212
0.051758	1.178223	3.863281	0.906403	-0.214793	0.781562
-0.025391	1.231934	3.874023	0.749995	-0.284571	1.063285
-0.104980	1.284668	3.907715	0.603794	-0.316137	1.305134
-0.166016	1.310059	3.948730	0.381406	-0.342245	1.551256
-0.248535	1.318848	3.940918	0.128638	-0.348653	1.777204
-0.312988	1.307129	3.927734	-0.182515	-0.315188	1.977519
-0.368164	1.319824	3.904785	-0.512418	-0.169461	2.156711
-0.415039	1.335449	3.849609	-0.847542	0.004035	2.329257
-0.455566	1.376465	3.818848	-1.177208	0.176581	2.509399
-0.480957	1.368652	3.767090	-1.480766	0.352213	2.688591
-0.512207	1.358398	3.739258	-1.763676	0.510282	2.862561
-0.575684	1.361816	3.680664	-1.945478	0.627290	3.033921
-0.668945	1.367676	3.630859	-2.155287	0.682116	3.209078
-0.734863	1.395020	3.581543	-2.315967	0.693508	3.363824
-0.850586	1.394531	3.542969	-2.436535	0.666452	3.515722
-0.944336	1.395996	3.506836	-2.553544	0.600946	3.637002
-1.020996	1.366699	3.425293	-2.646107	0.546120	3.713189
-1.089355	1.354980	3.356445	-2.747926	0.520725	3.736211
-1.139648	1.350098	3.318359	-2.718970	0.511231	3.734312
-1.172852	1.319336	3.258301	-2.716834	0.512655	3.699898
-1.194336	1.304688	3.198242	-2.706629	0.563446	3.653854
-1.210449	1.283203	3.154785	-2.686455	0.639157	3.583364
-1.255859	1.286133	3.135254	-2.666281	0.723413	3.522130
-1.316406	1.261230	3.123047	-2.672689	0.786071	3.446418
-1.376465	1.244629	3.132812	-2.686929	0.810280	3.352906
-1.442383	1.212402	3.119629	-2.675537	0.832590	3.197923
-1.519043	1.186035	3.115723	-2.663907	0.827606	3.006627
-1.585449	1.169434	3.113281	-2.614303	0.772068	2.795156
-1.605957	1.125488	3.077148	-2.554968	0.694695	2.536456
-1.622559	1.084961	3.041016	-2.457659	0.633936	2.290808
-1.604492	1.080078	2.969238	-2.345871	0.548968	1.994608
-1.591797	1.079590	2.935547	-2.184717	0.459491	1.731872
-1.541016	1.115234	2.898926	-2.051807	0.414396	1.519927
-1.479492	1.121582	2.859375	-1.880210	0.367165	1.321748
-1.393066	1.166016	2.875977	-1.674910	0.339871	1.196195
-1.314453	1.166992	2.875488	-1.483851	0.345330	1.132113
-1.276855	1.161133	2.892090	-1.294929	0.364555	1.102446
-1.234375	1.167969	2.935547	-1.113601	0.391611	1.101496
-1.212402	1.130859	2.958496	-0.950548	0.424839	1.091053
-1.226562	1.125488	3.008301	-0.871514	0.459491	1.080373
-1.229492	1.122559	3.045410	-0.745011	0.466136	1.047383
-1.235352	1.153809	3.109375	-0.673572	0.465899	1.023886
-1.272461	1.129883	3.183105	-0.634885	0.459253	0.977367
-1.286133	1.111816	3.184570	-0.625629	0.442402	0.923491
-1.322266	1.088379	3.211914	-0.602844	0.417007	0.833302
-1.331543	1.076660	3.217773	-0.587892	0.385678	0.719616
-1.333496	1.048340	3.207520	-0.550629	0.330140	0.588604
-1.330078	1.031250	3.211914	-0.518826	0.299761	0.448336
-1.313477	1.022949	3.225586	-0.408700	0.282672	0.304745
-1.290527	1.012695	3.238770	-0.347229	0.276501	0.156645
-1.236816	1.017578	3.264160	-0.282672	0.272467	0.015427
-1.211914	1.034668	3.313965	-0.254191	0.303084	-0.099446
-1.171875	1.041992	3.330078	-0.247546	0.322071	-0.201739
-1.133301	1.052246	3.345215	-0.247071	0.343431	-0.283384
-1.090820	1.062500	3.347656	-0.238764	0.382118	-0.359808
-1.067383	1.057129	3.358887	-0.212657	0.418668	-0.428637
-1.041992	1.072266	3.368164	-0.180853	0.419380	-0.500076
-1.007812	1.081543	3.390625	-0.123417	0.397070	-0.560835
-0.972656	1.079102	3.406250	-0.074288	0.356960	-0.613050
-0.958984	1.108887	3.429199	-0.004984	0.317561	-0.661230
-0.919922	1.113770	3.454102	0.083069	0.274603	-0.690423
-0.907227	1.132324	3.473633	0.180141	0.196755	-0.695170
-0.876465	1.122070	3.519531	0.261549	0.078322	-0.688999
-0.845703	1.125000	3.605469	0.335599	-0.069778	-0.677369
-0.828125	1.086914	3.684082	0.327292	-0.288368	-0.639395
-0.787598	1.063477	3.758301	0.276027	-0.487260	-0.624205
-0.770996	1.031738	3.804688	0.172072	-0.680217	-0.617085
-0.747559	1.011230	3.812012	0.045095	-0.897146	-0.603556
-0.724121	1.004395	3.801758	-0.106566	-1.116211	-0.607828
-0.689941	0.978027	3.751465	-0.277688	-1.303948	-0.604743
-0.658203	0.967285	3.681641	-0.374523	-1.451098	-0.612575
-0.625977	0.958496	3.629395	-0.426263	-1.554816	-0.626104
-0.572754	0.958984	3.592773	-0.460203	-1.618423	-0.622306
-0.523438	0.971680	3.520508	-0.449048	-1.623645	-0.596436
-0.479492	0.989258	3.460938	-0.427925	-1.572142	-0.541848
-0.486328	0.983887	3.416504	-0.379270	-1.474120	-0.494380
-0.475586	0.994629	3.376465	-0.284334	-1.355450	-0.446437
output[0] = 0
output[1] = 0
output[2] = 100
output[3] = 0
output[4] = 0
output[5] = 0
output[6] = 0
output[7] = 0
output[8] = 0
output[9] = 0
output[10] = 0
output[11] = 0
output[12] = 0
Action Type: 2