-1.456543	0.716797	2.982422	-1.526335	0.948174	-0.869615
-1.450195	0.707031	2.955566	-1.488836	0.794615	-0.942004
-1.422363	0.692383	2.919922	-1.450624	0.588604	-0.995168
-1.393555	0.682617	2.856934	-1.400782	0.423178	-1.030294
-1.332520	0.692383	2.769043	-1.327919	0.309966	-1.037414
-1.288574	0.692383	2.698242	-1.227287	0.290742	-1.024835
-1.277344	0.732422	2.689453	-1.078237	0.370251	-0.973333
-1.298828	0.752441	2.732422	-0.951735	0.539237	-0.875074
-1.364258	0.737305	2.797852	-0.844457	0.757115	-0.755217
-1.439453	0.701660	2.881348	-0.783935	0.936782	-0.666689
-1.517578	0.637695	2.901367	-0.777052	1.077288	-0.630376
-1.577637	0.582520	2.921387	-0.815264	1.182192	-0.651736
-1.643555	0.526855	2.920898	-0.844457	1.227524	-0.717717
-1.662598	0.516602	2.928223	-0.877210	1.169138	-0.806720
-1.684570	0.509277	2.924316	-0.910912	1.023649	-0.871988
-1.692871	0.482422	2.855957	-0.935121	0.779426	-0.926814
-1.706055	0.480469	2.821777	-0.883381	0.473019	-0.974994
-1.695801	0.471191	2.728027	-0.798413	0.175869	-1.012968
-1.676758	0.468750	2.636230	-0.638683	-0.044383	-1.052604
-1.625488	0.463867	2.603516	-0.472307	-0.159255	-1.071829
-1.582520	0.481934	2.602051	-0.307593	-0.181328	-1.052130
-1.536133	0.471680	2.639160	-0.156645	-0.145490	-0.991608
-1.514160	0.459473	2.693848	-0.070727	-0.082357	-0.913048
-1.507324	0.426758	2.710938	0.048655	-0.009731	-0.843270
-1.514648	0.403320	2.727539	0.105616	0.088053	-0.798413
-1.498047	0.383301	2.773926	0.139081	0.170173	-0.768508
-1.502930	0.382324	2.817383	0.118433	0.238764	-0.750233
-1.482422	0.368652	2.845215	0.096597	0.275789	-0.731720
-1.452637	0.364746	2.859375	0.078797	0.327530	-0.698255
-1.430176	0.357910	2.856934	0.075949	0.370014	-0.648414
-1.427246	0.372070	2.875488	0.073101	0.365979	-0.574838
-1.434082	0.355469	2.899414	0.078322	0.299049	-0.492481
-1.462402	0.356445	2.888184	0.100158	0.189160	-0.408463
-1.493652	0.338867	2.864746	0.153322	0.102294	-0.346517
-1.513672	0.322754	2.860352	0.216692	0.026582	-0.304033
-1.552246	0.268066	2.870117	0.244460	-0.039636	-0.299998
-1.562500	0.250000	2.856934	0.309017	-0.078797	-0.313764
-1.559082	0.234375	2.895996	0.341295	-0.059572	-0.364555
-1.557129	0.229980	2.934082	0.324919	-0.087341	-0.409412
-1.496582	0.236328	2.934570	0.295014	-0.084256	-0.461152
-1.444336	0.257324	2.940918	0.262973	-0.063607	-0.481801
-1.378906	0.291504	2.925293	0.252293	-0.014240	-0.466136
-1.320801	0.324219	2.912598	0.255141	0.077848	-0.405852
-1.292969	0.337891	2.920410	0.233068	0.180616	-0.291929
-1.279297	0.320801	2.943359	0.196280	0.262261	-0.174682
-1.284180	0.319824	2.961914	0.171122	0.309254	-0.049841
-1.299805	0.319336	2.976562	0.135759	0.312815	0.062420
-1.331055	0.290527	2.972168	0.127452	0.314476	0.126028
-1.328613	0.296875	2.923340	0.132199	0.333938	0.190584
-1.348145	0.301758	2.926270	0.175394	0.360283	0.245885
-1.380371	0.298340	2.939941	0.229508	0.395409	0.315663
-1.416504	0.294922	2.948730	0.295014	0.434570	0.379032
-1.469238	0.291504	2.995117	0.339159	0.455693	0.415108
-1.493652	0.292969	3.018555	0.383779	0.435757	0.424839
-1.543945	0.292480	3.068848	0.411785	0.392561	0.425551
-1.554199	0.299805	3.110352	0.402054	0.312102	0.418431
-1.590332	0.293945	3.126953	0.365267	0.218828	0.398494
-1.599121	0.285156	3.125488	0.340109	0.073813	0.367640
-1.618164	0.314453	3.095703	0.367640	-0.130062	0.354824
-1.608398	0.311035	3.075684	0.417482	-0.389713	0.366216
-1.601074	0.344238	3.032227	0.520725	-0.667401	0.382355
-1.583008	0.330566	2.994141	0.629189	-0.892162	0.416058
-1.592773	0.314453	2.946777	0.792005	-1.087256	0.428637
-1.588867	0.345215	2.934082	0.909251	-1.204739	0.454507
-1.508301	0.351562	3.016113	0.989709	-1.279976	0.512418
-1.479980	0.371094	3.076172	0.959804	-1.270245	0.646990
-1.538574	0.358398	3.147461	0.820248	-1.145404	0.723651
-1.549805	0.401367	3.085938	0.658619	-0.929899	0.734093
-1.583496	0.412598	3.041016	0.533778	-0.647227	0.689236
-1.632324	0.395508	2.978027	0.443114	-0.335124	0.590740
-1.637207	0.390625	2.979004	0.383067	-0.027769	0.474681
-1.608887	0.385742	2.999023	0.341533	0.173021	0.392323
-1.604980	0.379883	3.050293	0.309492	0.235204	0.327530
-1.592773	0.406738	3.093750	0.267482	0.210046	0.290267
-1.558594	0.440430	3.131348	0.241138	0.174682	0.299998
-1.543945	0.466309	3.145996	0.209097	0.091851	0.340109
-1.525879	0.488281	3.187988	0.213606	-0.013054	0.397782
-1.524902	0.515137	3.262695	0.182040	-0.168037	0.492006
-1.516602	0.527832	3.320801	0.131724	-0.382830	0.576262
-1.518066	0.536621	3.392090	0.076661	-0.669537	0.679031
-1.516113	0.536621	3.400879	-0.006171	-0.957193	0.776577
-1.498047	0.516113	3.398926	-0.110126	-1.146828	0.860833
-1.502441	0.516113	3.369141	-0.199128	-1.287571	0.947700
-1.501465	0.517090	3.324219	-0.304508	-1.368979	1.004187
-1.502930	0.542480	3.281250	-0.323969	-1.381083	1.050231
-1.498047	0.561035	3.256348	-0.365029	-1.325308	1.102446
-1.529785	0.548340	3.251465	-0.431959	-1.223014	1.138284
-1.606934	0.517090	3.230469	-0.504585	-1.104819	1.159645
-1.699707	0.483887	3.241699	-0.571990	-0.971671	1.119534
-1.772949	0.432617	3.241699	-0.649363	-0.864393	1.015816
-1.830566	0.387695	3.252441	-0.718429	-0.812178	0.844694
-1.891602	0.362305	3.249512	-0.766372	-0.777764	0.631325
-1.903320	0.354492	3.277344	-0.828318	-0.804821	0.389713
-1.900391	0.339355	3.286133	-0.891687	-0.838049	0.159730
-1.886719	0.366211	3.300293	-0.974757	-0.903080	-0.055775
-1.877930	0.390625	3.279297	-1.022937	-0.972146	-0.241138
-1.908691	0.369629	3.265137	-1.034804	-1.069693	-0.441216
-1.924316	0.332520	3.241699	-1.039313	-1.222302	-0.662417
-1.925781	0.311035	3.206055	-1.011307	-1.396273	-0.914472
-1.889648	0.309082	3.140625	-0.951735	-1.529184	-1.177683
-1.833496	0.320312	3.103516	-0.863207	-1.639309	-1.397460
-1.769043	0.291992	3.067383	-0.777289	-1.745875	-1.590655
-1.739258	0.253418	3.050293	-0.656721	-1.854340	-1.772695
-1.722168	0.241699	3.011230	-0.510519	-1.994608	-1.943342
-1.712402	0.248535	2.994629	-0.304270	-2.212486	-2.117787
-1.697754	0.244141	2.956055	-0.065031	-2.437485	-2.322612
-1.654297	0.272461	2.941895	0.145015	-2.616439	-2.497769
-1.550293	0.321777	2.958496	0.350789	-2.745552	-2.629018
-1.437988	0.348633	2.969238	0.538288	-2.880362	-2.704967
-1.297363	0.369141	2.974121	0.726736	-2.999269	-2.731312
-1.148926	0.389648	2.994141	0.883381	-3.026089	-2.707815
-1.020996	0.414062	3.008789	0.965738	-2.962956	-2.625933
-0.891113	0.466797	3.051270	1.048569	-2.808210	-2.445792
-0.811523	0.504883	3.117676	1.068031	-2.591281	-2.215572
-0.730957	0.502930	3.164551	1.036702	-2.307897	-1.934798
-0.713867	0.478516	3.211426	1.003475	-2.008848	-1.615101
-0.751465	0.429199	3.256348	0.964788	-1.703629	-1.328631
-0.859863	0.410645	3.301270	0.920406	-1.439944	-1.090579
-0.959473	0.336914	3.352539	0.884805	-1.293030	-0.923254
-1.040039	0.300781	3.339844	0.876498	-1.194771	-0.847067
-1.054199	0.301270	3.338867	0.903792	-1.139233	-0.807432
-1.021484	0.304199	3.333496	0.953159	-1.103395	-0.773492
-0.963867	0.304199	3.286621	1.046433	-1.045484	-0.699442
-0.922363	0.324707	3.242188	1.241052	-0.937731	-0.579822
-0.885742	0.337402	3.216309	1.363520	-0.828555	-0.450709
-0.893066	0.368164	3.220703	1.543187	-0.698967	-0.314476
-0.914551	0.382324	3.214844	1.690575	-0.573177	-0.194856
-0.924805	0.380371	3.291504	1.850542	-0.464950	-0.083069
-0.945312	0.390625	3.360840	1.957820	-0.401342	0.011630
-0.969238	0.405273	3.401367	2.045873	-0.408700	0.107040
-1.001465	0.409180	3.449707	2.146268	-0.542085	0.202451
-1.015137	0.429199	3.474609	2.281552	-0.824045	0.291929
-1.011230	0.496094	3.517090	2.480443	-1.263362	0.401342
-1.015625	0.526855	3.550293	2.704730	-1.781951	0.508383
-0.974121	0.528320	3.527344	2.910741	-2.194923	0.618509
-0.979980	0.530273	3.545898	3.110107	-2.641360	0.690423
-0.972656	0.528809	3.581055	3.280043	-3.013747	0.726499
-0.962402	0.559570	3.605957	3.394678	-3.356704	0.734093
-0.959473	0.586914	3.608398	3.438823	-3.622288	0.724125
-0.948730	0.650879	3.709961	3.482969	-4.043804	0.700154
-0.894531	0.728516	3.784668	3.588585	-4.476238	0.694695
-0.800293	0.779785	3.938965	3.664771	-4.836520	0.713682
-0.660156	0.851074	3.999878	3.553221	-4.996963	0.803872
-0.575195	0.873535	3.999878	3.221657	-5.112784	0.953159
-0.507324	0.872559	3.999878	2.663433	-5.345615	1.085120
-0.506836	0.899414	3.999878	1.960668	-5.559459	1.182667
-0.511719	0.877441	3.999878	1.279501	-5.701626	1.249359
-0.516113	0.867188	3.999878	0.731483	-5.850676	1.272856
-0.517090	0.854004	3.999878	0.289792	-5.851150	1.266448
-0.509766	0.845703	3.999878	0.003560	-5.654158	1.216369
output[0] = 0
output[1] = 0
output[2] = 0
output[3] = 0
output[4] = 0
output[5] = 0
output[6] = 0
output[7] = 0
output[8] = 0
output[9] = 0
output[10] = 0
output[11] = 0
output[12] = 0
Action Type: 12