0.394043	0.249512	3.999878	0.491532	0.379270	1.347855
0.276367	0.296387	3.999878	0.374523	0.277925	1.218742
0.226562	0.298340	3.999878	0.216454	0.145490	1.024123
0.211426	0.327148	3.999878	0.064319	0.058860	0.820960
0.233398	0.330078	3.999878	-0.087104	-0.000237	0.638920
0.290039	0.319336	3.999878	-0.231169	-0.066218	0.505535
0.356445	0.327148	3.999878	-0.349840	-0.091139	0.418668
0.397461	0.336914	3.999878	-0.405140	-0.065743	0.376184
0.424805	0.321777	3.999878	-0.415583	-0.003085	0.349365
0.441406	0.298828	3.999878	-0.388289	0.035364	0.323495
0.450195	0.290527	3.999878	-0.362419	0.030854	0.313052
0.462891	0.311035	3.999878	-0.339397	-0.006408	0.297150
0.468262	0.308105	3.999878	-0.351026	-0.050079	0.308780
0.436035	0.305664	3.999878	-0.387814	-0.089715	0.304745
0.417969	0.308594	3.999878	-0.444538	-0.103480	0.282672
0.379395	0.291992	3.978516	-0.480377	-0.103243	0.236391
0.340332	0.292969	3.933105	-0.482275	-0.103006	0.170885
0.337402	0.290039	3.878906	-0.463051	-0.095173	0.096360
0.342773	0.269043	3.833496	-0.426975	-0.098734	0.014952
0.340820	0.259766	3.799805	-0.386865	-0.118195	-0.055300
0.397461	0.246582	3.806152	-0.276027	-0.114635	-0.130300
0.447266	0.253906	3.820312	-0.237340	-0.092563	-0.156407
0.503418	0.260254	3.852051	-0.212420	-0.085680	-0.141692
0.477051	0.270996	3.906738	-0.206961	-0.104430	-0.094699
0.421875	0.280273	3.895508	-0.223812	-0.139793	-0.088291
0.359863	0.291016	3.893555	-0.228796	-0.158543	-0.122942
0.298340	0.297363	3.878906	-0.211233	-0.168749	-0.202214
0.240723	0.318848	3.912109	-0.178480	-0.169936	-0.306406
0.152832	0.337891	3.999878	-0.180141	-0.204350	-0.454507
0.007812	0.373535	3.999878	-0.260362	-0.298099	-0.628952
-0.183594	0.417480	3.999878	-0.421754	-0.461627	-0.872700
-0.359863	0.455566	3.999878	-0.628477	-0.665502	-1.268346
-0.496582	0.382324	3.999878	-0.860121	-0.818349	-1.806634
-0.517578	0.368652	3.999878	-1.112889	-0.849916	-2.419684
-0.476562	0.328125	3.999878	-1.282112	-0.766846	-3.098240
-0.348145	0.284668	3.899414	-1.281400	-0.630850	-3.762556
-0.044434	0.264648	3.705566	-1.176021	-0.532117	-4.322204
0.387207	0.223633	3.587891	-0.944377	-0.466611	-4.652344
0.958496	0.241211	3.586426	-0.693746	-0.509807	-4.756536
1.623047	0.266113	3.678711	-0.469934	-0.594063	-4.548389
2.287109	0.161133	3.746094	-0.336549	-0.764948	-3.972364
2.939453	0.009766	3.762207	-0.300947	-0.839947	-3.019918
3.481934	-0.114258	3.767578	-0.273891	-0.796514	-1.669452
3.812012	-0.187012	3.693848	-0.253717	-0.662179	-0.033465
3.762207	-0.257324	3.569336	-0.163053	-0.370014	1.736856
3.395020	-0.216797	3.423828	0.022073	0.082120	3.363586
2.712402	-0.006836	3.293457	0.315663	0.618271	4.570224
2.066406	0.192383	3.178711	0.656721	1.000389	5.282245
1.393555	0.291016	3.169922	1.098648	1.297302	5.674569
0.780273	0.355469	3.235352	1.511146	1.432823	5.844267
0.144531	0.512695	3.543945	1.866919	1.306084	5.827178
-0.520996	0.662598	3.999878	2.014307	0.754030	5.570614
-1.226562	0.742676	3.999878	1.861935	0.011867	4.985570
-1.882812	0.783691	3.999878	1.425228	-0.605930	4.003693
-2.409180	0.825195	3.999878	0.673572	-0.995405	2.624509
-2.734863	0.907227	3.999878	-0.085443	-1.126892	0.961940
-2.879883	0.962891	3.999878	-0.731245	-1.012019	-0.900469
-2.735352	0.893066	3.999878	-1.049756	-0.674284	-2.810109
-2.235840	0.853516	3.999878	-1.124993	-0.316849	-4.555510
-1.444824	0.851074	3.999878	-1.212097	-0.181328	-5.839758
-0.685547	0.784180	3.842285	-1.175784	-0.204587	-6.662616
0.550781	0.688965	3.730469	-1.013206	-0.372624	-7.073927
1.684082	0.622559	3.642090	-0.769457	-0.602607	-6.856286
3.016602	0.497559	3.531250	-0.615661	-0.400868	-5.902890
3.916504	0.191895	3.564453	-0.490108	-0.637733	-4.210179
3.999878	-0.208008	3.430176	-0.320409	-0.791055	-2.130604
3.999878	-0.393066	3.355469	-0.150948	-0.678793	-0.011155
3.999878	-0.347656	3.216797	0.097310	-0.416058	2.023563
3.175781	-0.201660	2.995117	0.504823	0.126977	3.542541
2.318359	0.002930	3.014648	0.953871	0.599284	4.398627
1.529297	0.108887	3.072754	1.391051	0.969772	4.836758
0.776367	0.243652	3.289062	1.734957	1.248885	4.964447
-0.041504	0.402832	3.627930	1.926491	1.164391	4.801631
-0.875977	0.412598	3.985352	1.937646	0.830691	4.206619
-1.562012	0.399902	3.999878	1.728075	0.391137	3.168493
-1.986816	0.492676	3.999878	1.311780	-0.058386	1.794293
-2.175293	0.609375	3.999878	0.798175	-0.332751	0.239714
-2.127930	0.675293	3.999878	0.342482	-0.281486	-1.395798
-1.687500	0.694336	3.999878	0.002373	-0.121518	-2.893653
-0.993164	0.682129	3.999878	-0.243986	0.075000	-3.906621
-0.294434	0.643066	3.999878	-0.402292	0.173496	-4.462947
0.664551	0.616211	3.999878	-0.453320	0.035838	-4.641901
1.801758	0.634277	3.999878	-0.527133	0.051503	-4.300606
2.736328	0.473145	3.999878	-0.662654	-0.046044	-3.290960
3.365723	0.160645	3.999878	-0.773492	-0.427450	-1.746587
3.645020	-0.064453	3.818359	-0.779188	-0.757590	0.042959
3.521973	-0.095703	3.466797	-0.619458	-0.851340	1.858137
2.837891	-0.004395	3.197266	-0.230220	-0.489633	3.320865
2.013184	0.152344	3.085449	0.263448	-0.178243	4.105512
1.259766	0.235840	3.056152	0.851102	0.118433	4.453928
0.408203	0.354980	3.241211	1.400308	0.310204	4.499260
-0.498535	0.390625	3.651367	1.785986	0.383067	4.108835
-1.446777	0.367676	3.999878	1.824197	0.274365	3.098477
-2.062500	0.387695	3.999878	1.509009	0.202926	1.553867
-2.331055	0.454590	3.999878	0.954345	0.204587	-0.242562
-2.147949	0.555176	3.999878	0.381881	0.267957	-2.034481
-1.496094	0.577637	3.999878	-0.032516	0.269856	-3.485105
-0.568848	0.637695	3.999878	-0.318036	0.248970	-4.343327
0.491699	0.683105	3.999878	-0.512892	0.186075	-4.625762
1.545410	0.681641	3.999878	-0.718904	0.068829	-4.305115
2.424805	0.500000	3.999878	-0.920880	-0.142879	-3.362875
2.907715	0.248047	3.999878	-1.103632	-0.482513	-1.999355
3.078125	0.031738	3.840332	-1.145404	-0.743587	-0.473969
2.957520	-0.032715	3.513184	-0.980690	-0.782748	0.994930
2.443848	0.010254	3.265137	-0.614711	-0.487972	2.118974
1.865723	0.063477	3.166016	-0.156407	-0.237103	2.778305
1.330566	0.113281	3.116699	0.326580	0.020411	3.126246
0.785645	0.194336	3.210938	0.807669	0.254666	3.186768
0.153320	0.310059	3.490723	1.238679	0.360045	3.056943
-0.526855	0.347656	3.853027	1.403868	0.371200	2.547848
-1.142578	0.447754	3.999878	1.291368	0.332988	1.617237
-1.524902	0.544922	3.999878	0.945801	0.310678	0.409175
-1.629395	0.531250	3.999878	0.449522	0.327767	-0.879108
-1.413574	0.554688	3.999878	-0.001661	0.337735	-2.121347
-0.768555	0.621582	3.999878	-0.286232	0.340109	-3.084949
0.076172	0.658203	3.999878	-0.558936	0.365504	-3.554408
1.030762	0.581543	3.999878	-0.837099	0.171360	-3.538981
2.000000	0.462402	3.999878	-1.061623	-0.183464	-2.915488
2.659180	0.290039	3.999878	-1.182192	-0.485124	-1.788596
2.930176	0.102051	3.782715	-1.169138	-0.793429	-0.362181
2.783691	-0.034668	3.482422	-1.039550	-0.925864	1.046671
2.284180	-0.024902	3.219727	-0.684727	-0.706325	2.143657
1.738281	0.102539	3.063965	-0.230220	-0.434807	2.787799
1.159180	0.168457	3.017090	0.281723	-0.147388	3.078304
0.610840	0.202148	3.081543	0.809568	0.036313	3.107496
0.000977	0.284668	3.260742	1.283774	0.131724	2.904570
-0.643555	0.323730	3.679199	1.584246	0.071914	2.335428
-1.203613	0.402832	3.999878	1.618898	-0.040585	1.375150
-1.578613	0.509277	3.999878	1.292793	-0.046044	0.156645
-1.660156	0.575195	3.999878	0.760438	0.001187	-1.192635
-1.361328	0.592773	3.999878	0.188448	0.045569	-2.453387
-0.662109	0.642090	3.999878	-0.280062	0.180853	-3.370232
0.247070	0.679199	3.999878	-0.678793	0.344618	-3.771812
1.242188	0.597656	3.999878	-1.049993	0.223575	-3.599028
2.216309	0.454102	3.999878	-1.350229	-0.073101	-2.816755
2.827637	0.273926	3.999878	-1.546272	-0.380694	-1.533693
3.083984	0.047363	3.734863	-1.518503	-0.775865	-0.038686
3.039551	-0.055664	3.265137	-1.209723	-0.860121	1.429026
2.623047	0.020020	2.933594	-0.665502	-0.604980	2.634002
1.995605	0.087402	2.847168	-0.007595	-0.399206	3.401324
1.286621	0.141602	2.937500	0.664553	-0.269144	3.752350
0.587402	0.255859	3.115723	1.187888	-0.075474	3.757571
-0.246582	0.269043	3.453613	1.539864	0.139793	3.398001
-1.097168	0.273926	3.895996	1.615813	0.228559	2.550933
-1.680176	0.379395	3.999878	1.466051	0.314001	1.341447
-1.992188	0.496094	3.999878	0.995642	0.449760	-0.226185
-2.054688	0.558594	3.999878	0.466611	0.421754	-1.753707
-1.653809	0.619141	3.999878	-0.030380	0.264872	-3.156151
-0.911133	0.757812	3.999878	-0.467798	0.229983	-4.170306
-0.083496	0.812500	3.999878	-0.822859	0.429349	-4.729955
output[0] = 0
output[1] = 0
output[2] = 0
output[3] = 0
output[4] = 0
output[5] = 0
output[6] = 0
output[7] = 0
output[8] = 0
output[9] = 0
output[10] = 0
output[11] = 0
output[12] = 0
Action Type: 11