0.576172	0.471191	3.799316	0.505060	0.381406	0.116059
0.580566	0.478516	3.817383	0.490582	0.361232	0.092325
0.605957	0.486816	3.837891	0.538525	0.321121	0.065743
0.609375	0.494629	3.865234	0.576025	0.258464	0.052690
0.648926	0.503906	3.880371	0.605218	0.191534	0.063370
0.675293	0.507812	3.894531	0.625866	0.167325	0.096360
0.712891	0.516602	3.887695	0.664553	0.227847	0.144540
0.708496	0.500488	3.853027	0.657433	0.323732	0.197942
0.703125	0.507812	3.841797	0.762812	0.459728	0.244460
0.683594	0.528809	3.817871	0.884093	0.608540	0.273653
0.668457	0.514160	3.854492	0.973095	0.698730	0.293827
0.652344	0.525391	3.894043	1.018902	0.758540	0.293827
0.623047	0.533691	3.964355	1.045721	0.753081	0.285758
0.623047	0.546875	3.999878	1.032668	0.642005	0.285758
0.618164	0.543457	3.999878	0.989709	0.500788	0.309729
0.628906	0.551270	3.999878	0.933934	0.350314	0.353400
0.624023	0.558594	3.999878	0.896909	0.210996	0.399918
0.623047	0.563965	3.999878	0.892162	0.122942	0.451659
0.625488	0.562988	3.999878	0.952447	0.097547	0.476342
0.612305	0.594238	3.999878	1.034804	0.112262	0.482038
0.609375	0.606934	3.999878	1.177445	0.172072	0.456168
0.617188	0.625000	3.999878	1.358061	0.287894	0.415108
0.622559	0.648926	3.999878	1.451810	0.357672	0.375947
0.610840	0.652832	3.999878	1.435909	0.356722	0.362419
0.597656	0.655762	3.999878	1.302286	0.258701	0.344618
0.573242	0.650879	3.999878	1.079424	0.111313	0.320172
0.570801	0.626465	3.999878	0.733619	-0.070727	0.282672
0.570312	0.602539	3.999878	0.360757	-0.252293	0.218828
0.638184	0.595703	3.999878	-0.022785	-0.398257	0.146676
0.724609	0.572266	3.999878	-0.365504	-0.417007	0.108939
0.873535	0.613770	3.999878	-0.640107	-0.333938	0.132436
0.993164	0.637695	3.999878	-0.789631	-0.139556	0.235442
1.053711	0.679199	3.999878	-0.881957	-0.005696	0.378083
1.047363	0.724609	3.999878	-0.965738	0.023971	0.512655
0.998535	0.710938	3.999878	-1.093901	-0.081645	0.606879
0.985840	0.737305	3.999878	-1.251970	-0.285046	0.682591
1.035156	0.757812	3.999878	-1.622458	-0.435045	0.731720
1.161133	0.783203	3.999878	-2.086221	-0.395409	0.806957
1.243652	0.792969	3.999878	-2.636851	-0.181565	0.943428
1.303711	0.815430	3.999878	-3.275296	0.175394	1.147540
1.285645	0.844238	3.999878	-3.943883	0.549680	1.407665
1.220215	0.921875	3.999878	-4.614607	0.750945	1.671588
1.165039	1.017090	3.999878	-5.194904	0.812890	1.882583
1.128906	1.083984	3.999878	-5.651547	0.764948	2.017630
1.083984	1.153809	3.999878	-6.080184	0.620170	2.172376
1.042480	1.170410	3.999878	-6.488172	0.415820	2.325935
0.980957	1.193359	3.999878	-6.930573	0.227847	2.524351
0.856445	1.208496	3.999878	-7.338562	0.159255	2.721344
0.726562	1.221191	3.999878	-7.699556	0.236866	2.829808
0.591309	1.211914	3.999878	-7.777166	0.412260	2.877988
0.458984	1.208008	3.999878	-7.777166	0.613999	2.836216
0.345215	1.176758	3.988281	-7.777166	0.786308	2.714698
0.303711	1.145508	3.743164	-7.777166	0.863681	2.541203
0.248535	1.106934	3.481445	-7.777166	0.854662	2.373878
0.210449	1.061035	3.226562	-7.777166	0.801973	2.222692
0.144043	0.990723	2.908203	-7.777166	0.843270	2.070557
0.081055	0.895508	2.645996	-7.777166	0.930137	1.908928
-0.003906	0.827637	2.408203	-7.777166	0.949361	1.716682
-0.101562	0.737793	2.191406	-7.713322	0.876498	1.462728
-0.145020	0.649414	1.980957	-7.429938	0.689948	1.190261
-0.158691	0.542480	1.773438	-7.124481	0.308068	0.991133
-0.153320	0.423340	1.474121	-6.672348	-0.000712	0.864631
-0.141113	0.332520	1.185547	-6.086592	-0.089240	0.767796
-0.200684	0.166992	0.956543	-5.331375	-0.017563	0.671673
-0.145020	0.047852	0.792480	-4.461523	0.042959	0.637733
-0.171387	-0.049805	0.785156	-3.607572	0.341533	0.600234
-0.164062	-0.040039	0.839844	-2.814144	0.637496	0.518589
-0.268555	-0.128906	0.785156	-2.130129	0.921592	0.430061
-0.343750	-0.202148	0.844727	-1.506161	1.125230	0.272229
-0.380371	-0.235840	0.886719	-0.932747	1.167002	0.060284
-0.374023	-0.249023	0.893066	-0.385203	1.021987	-0.154509
-0.356445	-0.245117	0.906250	0.131249	0.760676	-0.359571
-0.319824	-0.241211	0.929688	0.661230	0.443352	-0.552054
-0.275879	-0.232910	0.951172	1.173173	0.145490	-0.705850
-0.213867	-0.228516	0.978027	1.743502	-0.115822	-0.884805
-0.145508	-0.197266	0.993164	2.332580	-0.281248	-1.066133
-0.067383	-0.182617	1.065918	2.927355	-0.383542	-1.260514
0.018555	-0.137695	1.085938	3.575294	-0.455219	-1.446589
0.111328	-0.071289	1.108398	4.335732	-0.425788	-1.614626
0.186035	0.054688	1.127930	5.191344	-0.240426	-1.775780
0.264648	0.134766	1.228027	6.123142	0.027294	-1.915099
0.367188	0.229004	1.392090	7.053278	0.294302	-2.002915
0.476562	0.297852	1.686035	7.776929	0.476105	-2.013120
0.613281	0.467773	2.189941	7.776929	0.531880	-1.899909
0.717773	0.577637	2.645996	7.776929	0.502924	-1.679183
0.704590	0.646973	3.016602	7.776929	0.312340	-1.452760
0.711426	0.735840	3.303223	7.776929	0.030854	-1.272144
0.724121	0.801758	3.491211	7.776929	-0.208622	-1.164866
0.738770	0.839355	3.623047	7.776929	-0.280062	-1.096749
0.759766	0.892090	3.781250	7.776929	-0.267957	-1.032430
0.758789	0.979004	3.937988	7.776929	-0.305457	-0.968823
0.701172	1.039551	3.999878	7.776929	-0.408937	-0.935833
0.667969	1.068848	3.999878	7.776929	-0.572465	-0.932985
0.725098	1.184570	3.999878	7.776929	-0.717242	-0.956481
0.801758	1.270508	3.999878	7.776929	-0.781799	-0.975469
0.863281	1.334473	3.999878	7.776929	-0.733381	-0.964314
0.908691	1.411621	3.999878	7.776929	-0.672148	-0.930374
0.945801	1.482422	3.999878	7.776929	-0.704426	-0.880295
1.016602	1.624512	3.999878	7.776929	-0.712733	-0.839473
1.025879	1.658691	3.999878	7.776929	-0.696831	-0.794615
1.048828	1.737305	3.999878	7.776929	-0.596436	-0.761625
1.023438	1.701660	3.999878	7.550744	-0.276501	-0.695170
0.922363	1.578125	3.999878	6.807631	0.128164	-0.682353
0.821289	1.460938	3.999878	5.931134	0.631562	-0.706562
0.731934	1.373535	3.999878	4.941187	1.188600	-0.761388
0.712402	1.354004	3.999878	3.899026	1.623645	-0.813365
0.682617	1.355957	3.999878	2.945156	1.808533	-0.832115
0.673828	1.340820	3.999878	2.279179	1.663043	-0.842083
0.639160	1.194824	3.999878	1.701018	1.194296	-0.825232
0.717773	1.176270	3.999878	1.196195	0.601183	-0.758540
0.811035	1.130859	3.999878	0.688999	0.006408	-0.626578
0.879395	1.064453	3.999878	0.168274	-0.357672	-0.460678
0.898438	0.973633	3.999878	-0.481801	-0.506484	-0.268432
0.859863	0.881348	3.999878	-1.169613	-0.517639	-0.078085
0.833496	0.854004	3.999878	-1.835590	-0.398969	0.083544
0.824219	0.844238	3.999878	-2.352042	-0.178955	0.210996
0.820801	0.836914	3.999878	-2.754809	0.062420	0.313764
0.806641	0.800293	3.999878	-3.024190	0.253005	0.415108
0.770508	0.766113	3.999878	-3.198872	0.336549	0.530693
0.701660	0.736328	3.999878	-3.314694	0.293590	0.637021
0.686523	0.728516	3.922852	-3.285027	0.235916	0.744774
0.639648	0.725098	3.746094	-3.159474	0.185363	0.829504
0.566406	0.729004	3.581543	-2.920947	0.174445	0.897384
0.497070	0.729492	3.460449	-2.685743	0.159255	0.922304
0.428711	0.708984	3.386719	-2.415887	0.182277	0.929425
0.378906	0.706543	3.337891	-2.141996	0.238052	0.904504
0.328125	0.708008	3.287109	-1.872140	0.352450	0.858934
0.296875	0.737305	3.292480	-1.618423	0.470171	0.781562
0.271973	0.732422	3.299805	-1.368741	0.553003	0.694458
0.249023	0.733398	3.307617	-1.147303	0.588129	0.594300
0.236328	0.743652	3.381348	-0.984962	0.609727	0.508858
0.253418	0.742676	3.444824	-0.866055	0.596436	0.414871
0.270996	0.753418	3.506836	-0.741214	0.552291	0.352925
0.291992	0.759277	3.546875	-0.719853	0.479902	0.325156
0.308594	0.763184	3.548828	-0.726736	0.385915	0.312815
0.299805	0.737305	3.577637	-0.762812	0.254429	0.314001
0.322754	0.745117	3.563477	-0.737416	0.176106	0.292166
0.330078	0.750488	3.528320	-0.678081	0.184413	0.251581
0.334961	0.729492	3.512207	-0.595724	0.218590	0.207910
0.372559	0.729980	3.519531	-0.484412	0.250631	0.174920
0.389160	0.714355	3.505859	-0.397782	0.281960	0.162341
0.380859	0.697754	3.539062	-0.286232	0.261074	0.166850
0.357910	0.679688	3.565918	-0.207435	0.148575	0.194382
0.340820	0.665039	3.559082	-0.132199	0.003797	0.216692
0.325195	0.647949	3.574219	-0.055775	-0.110126	0.227847
0.296387	0.638672	3.593750	0.013766	-0.211945	0.225711
0.287598	0.631836	3.637695	0.104904	-0.261074	0.191771
0.284668	0.618652	3.682129	0.187024	-0.225948	0.127689
0.280273	0.597168	3.724609	0.268669	-0.125790	0.039398
0.313477	0.580078	3.750000	0.337973	0.002373	-0.065269
output[0] = 100
output[1] = 0
output[2] = 0
output[3] = 0
output[4] = 0
output[5] = 0
output[6] = 0
output[7] = 0
output[8] = 0
output[9] = 0
output[10] = 0
output[11] = 0
output[12] = 0
Action Type: 0