3.574707	-2.874512	1.067871	0.740502	-1.860273	-0.322308
3.543457	-2.926270	1.152832	1.022462	-1.909165	-0.312102
3.316406	-3.006348	1.275879	1.369928	-2.119923	-0.420567
3.250488	-3.047852	1.375000	1.703866	-2.489225	-0.395646
3.233398	-2.943359	1.411621	1.861223	-2.792546	-0.594300
3.346680	-2.768555	1.307129	1.859561	-3.150218	-0.671198
3.492188	-2.666016	1.280273	1.425466	-3.140249	-0.682353
3.634277	-2.643066	1.284180	1.091053	-3.116041	-0.727448
3.858887	-2.677246	1.230469	1.064234	-3.085186	-0.740027
3.999878	-2.703125	1.224609	1.082272	-2.885346	-0.783460
3.999878	-2.677246	1.231934	1.066607	-2.718021	-0.879820
3.999878	-2.760742	1.254883	1.083696	-2.572057	-1.111465
3.999878	-2.895020	1.430664	1.262413	-2.388830	-1.333615
3.999878	-2.863281	1.452637	1.443978	-2.372691	-1.331954
3.999878	-2.717285	1.405762	1.428789	-2.456947	-1.509009
3.999878	-2.662598	1.394043	1.346194	-2.465966	-1.580686
3.999878	-2.521484	1.337891	1.159407	-2.324036	-1.643819
3.999878	-2.427734	1.314941	1.036702	-2.222929	-1.732821
3.999878	-2.364746	1.273438	0.937494	-2.078864	-1.672300
3.999878	-2.307129	1.242676	0.876260	-1.968026	-1.580212
3.999878	-2.229492	1.182617	0.911861	-1.953073	-1.478393
3.999878	-2.206543	1.143555	0.928713	-1.893026	-1.262176
3.999878	-2.354004	1.405273	0.884093	-1.460355	-1.286384
3.999878	-2.569336	1.265137	1.747537	-3.019206	-1.017240
3.999878	-2.295898	1.187012	2.110430	-2.007424	-1.309881
3.999878	-2.217285	1.167480	1.581161	-2.056316	-1.132350
3.999878	-2.088379	1.192383	1.687252	-1.460117	-1.422143
3.999878	-1.945312	1.165039	1.085594	-1.439232	-1.353077
3.999878	-1.938965	1.230957	0.529032	-1.197382	-1.174360
3.999878	-2.020020	1.242188	0.125553	-1.053316	-0.871276
3.999878	-2.108398	1.199219	-0.016139	-0.908776	-0.601183
3.999878	-2.158691	1.211426	0.004035	-0.683303	-0.458304
3.999878	-2.191406	1.254883	0.037262	-0.669062	-0.425788
3.999878	-2.265137	1.306152	0.205537	-0.654822	-0.437418
3.999878	-2.307129	1.381348	0.455219	-0.747385	-0.523335
3.999878	-2.330566	1.455078	0.681879	-0.977130	-0.561310
3.999878	-2.341309	1.435059	0.845643	-1.158221	-0.491532
3.999878	-2.227539	1.344238	0.713920	-1.186701	-0.600234
3.999878	-2.138672	1.343262	0.527845	-1.128553	-0.593588
3.999878	-2.089355	1.295898	0.281248	-1.046908	-0.623018
3.999878	-2.091309	1.353516	0.063845	-0.878871	-0.458779
3.999878	-2.178223	1.384277	-0.042484	-0.815027	-0.382830
3.999878	-2.250488	1.394531	-0.047943	-0.756404	-0.349840
3.999878	-2.279297	1.396973	-0.038449	-0.626341	-0.355061
3.999878	-2.301270	1.438965	0.004747	-0.492956	-0.326343
3.999878	-2.324219	1.484863	0.014715	-0.466136	-0.177293
3.999878	-2.336914	1.530762	0.024683	-0.554664	-0.115822
3.999878	-2.358398	1.547363	0.034889	-0.734331	-0.076424
3.999878	-2.353516	1.515625	0.003560	-0.834726	-0.112262
3.999878	-2.306152	1.455078	-0.107752	-0.798413	-0.184413
3.999878	-2.314941	1.448242	-0.177056	-0.721752	-0.174682
3.999878	-2.340820	1.494629	-0.288606	-0.651974	-0.165901
3.999878	-2.391602	1.491699	-0.257752	-0.566769	-0.089003
3.999878	-2.380859	1.494141	-0.225711	-0.368352	0.005459
3.999878	-2.428223	1.530273	-0.140268	-0.266296	0.103718
3.999878	-2.466797	1.558105	-0.098496	-0.220489	0.236154
3.999878	-2.498535	1.603027	-0.021361	-0.295489	0.275552
3.999878	-2.502930	1.610840	-0.013291	-0.339159	0.379744
3.999878	-2.430664	1.576660	-0.038686	-0.315663	0.435519
3.999878	-2.413086	1.557617	-0.149050	-0.206486	0.469459
3.999878	-2.360840	1.512207	-0.180379	-0.075949	0.424602
3.999878	-2.350586	1.505859	-0.218828	0.046993	0.355061
3.999878	-2.323242	1.456055	-0.221438	0.215268	0.299049
3.999878	-2.326660	1.481934	-0.163765	0.288606	0.146439
3.999878	-2.305664	1.461426	-0.144778	0.294065	0.113686
3.999878	-2.333008	1.488281	-0.154034	0.341770	0.058623
3.999878	-2.329590	1.512695	-0.085205	0.343669	0.054588
3.999878	-2.356445	1.516602	-0.002611	0.321121	0.148575
3.999878	-2.359863	1.570312	0.112025	0.192008	0.140031
3.999878	-2.398926	1.583008	0.225711	0.066455	0.180379
3.999878	-2.353516	1.600098	0.242799	-0.102056	0.025395
3.999878	-2.330566	1.579102	0.147151	-0.239951	-0.113449
3.999878	-2.342773	1.538086	0.064557	-0.263922	-0.200553
3.999878	-2.356934	1.552246	0.016139	-0.243036	-0.219777
3.999878	-2.391113	1.538086	0.141217	-0.312577	-0.226423
3.999878	-2.368652	1.483398	0.196518	-0.272467	-0.187024
3.999878	-2.384766	1.473145	0.202214	-0.289318	-0.196043
3.999878	-2.408691	1.457520	0.240900	-0.270093	-0.119382
3.999878	-2.365234	1.458496	0.262261	-0.307118	-0.067405
3.999878	-2.398438	1.447266	0.295963	-0.270568	0.017326
3.999878	-2.451172	1.450684	0.470408	-0.114398	0.137183
3.999878	-2.441895	1.462891	0.706562	0.004747	0.277451
3.999878	-2.378906	1.437500	0.844931	0.056250	0.353637
3.999878	-2.217773	1.408691	0.800549	0.032753	0.261312
3.999878	-2.150391	1.295898	0.546832	0.155458	0.076186
3.999878	-2.112793	1.333984	0.278637	0.312577	-0.188211
3.999878	-2.148926	1.352051	0.131487	0.470883	-0.347466
3.999878	-2.206055	1.390137	0.072151	0.656009	-0.469459
3.999878	-2.287109	1.470215	0.208622	0.855374	-0.482038
3.999878	-2.299316	1.500977	0.436469	1.020563	-0.425314
3.999878	-2.244141	1.427246	0.537101	1.257429	-0.358858
3.999878	-2.025879	1.258789	0.471595	1.877124	-0.339397
3.999878	-1.789551	1.152832	0.121518	2.348482	-0.576974
3.999878	-1.423828	1.221680	-0.255615	2.942307	-0.681879
3.999878	-0.882812	1.151367	-1.096512	3.082576	-0.863207
3.999878	-0.322266	0.820312	-2.118974	3.199822	-0.920406
3.999878	0.596191	0.619629	-3.495548	3.774660	0.239239
3.999878	0.265625	0.607422	-4.844827	4.135180	0.054588
3.999878	0.054199	0.605957	-5.988570	4.441349	0.191534
3.999878	-0.212402	0.584961	-6.594975	5.019984	0.863919
3.999878	-0.259277	0.523926	-6.899245	5.262309	1.151575
3.999878	-0.744629	0.496582	-7.194971	5.295299	1.571430
3.999878	-0.956055	0.179688	-7.727325	5.388337	2.173325
3.999878	-1.212891	-0.154785	-7.777166	6.340071	2.944443
3.999878	-1.845215	-0.490234	-7.777166	7.776929	3.299505
3.999878	-2.942383	-0.391602	-7.777166	7.776929	2.853542
3.606934	-4.000000	-0.001465	-7.777166	7.776929	1.902757
3.298828	-4.000000	0.547363	-6.766572	7.776929	1.374912
2.990723	-4.000000	1.028809	-4.635730	7.776929	1.121670
2.926270	-4.000000	0.827148	-3.865561	6.111275	1.260989
2.934570	-4.000000	0.703613	-3.529962	5.695218	0.423890
2.383789	-4.000000	0.661621	-4.252189	5.410884	-0.052927
2.045410	-4.000000	0.664062	-3.877428	4.575446	-0.373574
1.817383	-4.000000	0.870605	-2.972212	3.192939	0.019937
2.151367	-4.000000	0.558594	-1.977282	2.136063	0.569142
2.563965	-4.000000	0.126465	-1.401732	1.827283	1.206163
2.737793	-3.706543	-0.100586	-1.673486	1.949750	1.692236
2.762695	-3.615723	-0.007324	-1.911776	2.257344	2.127044
2.793945	-3.777832	0.198730	-1.915573	2.296742	2.301489
2.882324	-3.768066	0.247559	-1.784799	2.185429	2.227913
2.907227	-3.765625	0.316895	-1.468424	1.692236	1.901570
2.990723	-3.670410	0.257812	-1.075151	1.368504	1.519215
3.013184	-3.626953	0.294434	-0.621594	1.098411	1.053079
2.990723	-3.472168	0.361816	-0.023259	0.753793	0.550867
2.930176	-3.367188	0.378418	0.249445	0.233305	0.246122
2.962402	-3.164551	0.307617	0.392086	-0.016851	0.171597
3.031250	-3.059570	0.276367	0.279824	-0.131961	0.281248
3.174805	-2.930176	0.215332	0.043671	-0.115585	0.282672
3.310547	-2.794434	0.138672	-0.453795	-0.042009	0.332988
3.379883	-2.748535	0.082520	-0.988522	0.296438	0.393748
3.158203	-2.910645	0.649902	-1.317001	0.378083	0.453320
3.455078	-2.937500	0.185547	-1.464152	0.622544	0.368352
3.369629	-3.197266	0.320801	-1.342871	0.776815	0.187736
3.393066	-3.316406	0.404785	-1.134724	0.452133	-0.203875
3.389648	-3.298828	0.311523	-0.848729	0.416532	-0.403241
3.287598	-3.292480	0.274902	-0.411785	0.242562	-0.572465
3.239258	-3.250488	0.289062	-0.115110	0.058623	-0.650787
3.210449	-3.216309	0.273926	0.128401	-0.118907	-0.596673
3.221191	-3.140137	0.233398	0.227372	-0.382118	-0.466611
3.318848	-2.992676	0.093262	-0.010443	-0.204825	-0.209809
3.384277	-2.957031	0.082520	-0.420330	0.177768	-0.030617
3.386230	-3.022461	0.179688	-0.728872	0.336311	-0.094936
3.327637	-3.080566	0.212891	-0.856798	0.353400	-0.182989
3.325684	-3.196777	0.201660	-0.894536	0.305694	-0.265109
3.317383	-3.375977	0.250488	-0.643904	0.294777	-0.241850
3.279297	-3.423828	0.261719	-0.344618	0.152372	-0.100158
3.255371	-3.410156	0.265137	-0.042247	-0.046519	-0.194856
3.228516	-3.345215	0.200195	0.243986	-0.107278	-0.078797
3.216309	-3.241699	0.212891	0.173496	-0.313289	-0.117483
3.251953	-3.189453	0.131348	0.187736	-0.282910	-0.126977