3.999878	-2.011230	1.444824	-0.578161	0.361944	-0.596436
3.999878	-2.170410	1.564941	-0.319697	0.149524	-0.322071
3.999878	-2.208008	1.567871	-0.063370	0.012342	-1.227049
3.999878	-2.289062	1.662598	0.300710	-0.183701	-1.286147
3.999878	-2.357422	1.675781	0.331090	-0.390425	-1.395324
3.999878	-2.283203	1.604004	0.467323	-0.350314	-1.522775
3.999878	-2.180176	1.470703	0.288368	-0.135047	-0.912811
3.999878	-1.959961	1.349609	-0.271992	0.280299	-0.938206
3.999878	-1.944824	1.302246	-0.725312	0.762812	-0.778476
3.999878	-1.837891	1.282227	-0.903080	1.092952	-0.210521
3.999878	-1.798828	1.179688	-0.845406	1.157509	-0.017801
3.999878	-1.799805	1.161621	-0.815976	0.885279	-0.351738
3.999878	-1.622070	1.041016	-1.190499	1.136860	-0.088053
3.999878	-1.626953	1.061523	-1.530845	1.072541	-0.610202
3.955566	-1.579590	1.096680	-1.616050	0.801735	-0.572227
3.849121	-1.605957	1.104980	-1.874276	0.569379	-0.484886
3.815430	-1.556641	1.100098	-2.198008	0.423890	-0.394222
3.785645	-1.627441	1.122070	-2.444605	0.262973	-0.133385
3.755371	-1.573730	1.087402	-2.819365	-0.090189	0.181328
3.707031	-1.512695	1.019043	-3.358602	-0.400630	0.511943
3.616699	-1.492676	1.017578	-4.081541	-0.659806	1.058775
3.593262	-1.626465	1.036621	-4.620778	-0.969298	1.336226
3.610352	-1.790039	1.021484	-4.965159	-1.539389	1.499041
3.693359	-1.902344	0.924316	-5.307404	-1.955921	1.596825
3.766602	-2.011719	0.890625	-5.627813	-2.036142	2.198246
3.648438	-2.044922	0.793457	-6.721240	-1.372064	4.129009
3.725586	-2.217285	0.708496	-7.599636	-1.140895	4.207806
3.651367	-2.450684	0.897949	-7.559763	-1.874988	4.271650
3.828613	-2.732422	0.875977	-7.306046	-2.968890	4.294435
3.912598	-3.128906	0.943359	-6.725512	-3.601876	3.988029
3.999878	-3.536133	1.106445	-5.896482	-3.932729	3.533522
3.999878	-3.845215	1.166016	-5.176629	-4.011288	3.041516
3.999878	-4.000000	1.266113	-4.539608	-3.993725	2.766438
3.999878	-4.000000	1.109863	-4.438026	-3.435738	2.493972
3.999878	-4.000000	0.993652	-4.433754	-2.489700	2.082186
3.999878	-4.000000	0.988281	-4.110259	-1.885669	1.695322
3.999878	-4.000000	1.046875	-3.759945	-1.184091	1.566921
3.999878	-4.000000	1.082031	-3.401561	-0.487972	1.287808
3.999878	-4.000000	1.082520	-2.964380	-0.145490	1.163917
3.999878	-3.942871	1.122070	-2.569209	0.087341	1.298251
3.999878	-3.871582	1.111816	-2.116126	0.119382	0.867004
3.999878	-3.837891	1.091309	-1.692474	0.257989	0.566057
3.999878	-3.844238	1.086914	-1.120484	0.460678	0.341295
3.999878	-3.835938	1.139160	-0.887178	0.624917	0.228084
3.999878	-3.771484	1.085938	-0.678556	0.825469	0.324682
3.999878	-3.702148	0.982422	-0.689474	1.477206	0.889077
3.999878	-3.603516	1.081543	-0.639869	1.526810	0.814552
3.999878	-3.562012	1.054199	-0.464712	1.315340	0.712496
3.999878	-3.555176	0.967285	-0.310441	1.185752	0.621594
3.999878	-3.562988	1.028809	-0.177768	0.930849	0.412735
3.999878	-3.531738	0.971191	-0.026107	0.602132	0.307830
3.999878	-3.522461	0.999023	0.244460	0.439080	0.214081
3.999878	-3.465332	0.943848	0.337023	0.517639	0.145252
3.999878	-3.437988	0.983887	0.456168	0.480377	0.112974
3.999878	-3.378418	0.966797	0.448336	0.379507	0.109414
3.999878	-3.348145	0.932129	0.316612	0.411785	0.133148
3.999878	-3.309570	0.890625	0.121044	0.578873	0.158069
3.999878	-3.290527	0.928711	0.071202	0.612101	0.173258
3.999878	-3.283691	0.929199	-0.006408	0.599759	0.186075
3.999878	-3.273926	0.930176	-0.118433	0.587180	0.154271
3.999878	-3.443359	1.244629	0.538288	0.717005	0.083781
3.999878	-3.235352	0.906250	0.045569	0.699205	-0.001661
3.999878	-3.238770	0.968262	0.128401	0.082832	0.062658
3.999878	-3.255371	0.934570	0.226423	0.088053	0.122230
3.999878	-3.215332	0.955078	0.274840	0.021598	0.143354
3.999878	-3.216309	0.912598	0.245173	-0.069303	0.171834
3.999878	-3.218262	0.899414	0.197704	-0.074762	0.161629
3.999878	-3.228027	0.920898	0.222151	-0.043196	0.126265
3.999878	-3.227051	0.938965	0.287656	-0.113686	0.124129
3.999878	-3.233398	0.965332	0.333463	-0.139081	0.106803
3.999878	-3.231934	0.977051	0.360045	-0.174920	0.089240
3.999878	-3.196777	0.966309	0.326343	-0.152372	0.057674
3.999878	-3.167969	0.932617	0.295014	-0.147626	0.025395
3.999878	-3.176758	0.931152	0.264160	-0.179667	0.045095
3.999878	-3.174805	0.967773	0.250157	-0.187024	0.104192
3.999878	-3.206055	0.986816	0.312102	-0.161629	0.150236
3.999878	-3.225098	1.030762	0.460440	-0.201027	0.241138
3.999878	-3.212891	1.047852	0.554902	-0.280062	0.316375
3.999878	-3.178223	1.022461	0.524997	-0.281723	0.356248
3.999878	-3.138672	0.993164	0.472782	-0.261312	0.307118
3.999878	-3.109375	0.942871	0.306406	-0.221201	0.260362
3.999878	-3.139648	0.972168	0.159493	-0.127452	0.174445
3.999878	-3.161621	1.004883	0.084968	-0.121993	0.114873
3.999878	-3.198242	1.010254	0.090664	-0.149287	0.086392
3.999878	-3.218262	1.027832	0.183227	-0.172546	0.083069
3.999878	-3.197266	1.035645	0.178955	-0.178480	0.125790
3.999878	-3.182617	0.992188	0.151660	-0.154271	0.155933
3.999878	-3.166016	1.010742	0.060522	-0.054114	0.166850
3.999878	-3.154297	1.006836	-0.004272	0.005221	0.182989
3.999878	-3.168945	1.021484	-0.042721	-0.000475	0.177056
3.894043	-3.529297	1.001465	1.203553	-0.614949	0.588367
3.999878	-3.416016	1.269531	-0.917795	1.047620	-0.060522
3.999878	-3.143555	0.925293	0.726736	-0.734331	0.255378
3.999878	-3.173828	0.982422	0.106091	-0.174682	0.152372
3.999878	-3.195312	1.015625	-0.003323	0.036550	0.050079
3.999878	-3.156738	0.944824	0.020649	-0.030854	0.095411
3.999878	-3.153809	0.973633	-0.045332	-0.000949	0.070965
3.999878	-3.178711	1.011230	-0.152135	0.254903	0.028243
3.999878	-3.183105	1.022949	-0.051503	0.184651	0.062420
3.999878	-3.180664	1.023438	0.073338	0.133148	0.153084
3.999878	-3.155273	0.967773	0.077610	0.182040	0.197230
3.999878	-3.132324	0.921875	0.028243	0.136471	0.252530
3.999878	-3.143555	0.924316	0.024921	0.179667	0.230220
3.999878	-3.187012	0.872070	-0.129825	0.432197	0.180141
3.999878	-3.267578	0.805664	-0.233543	0.934646	-0.013054
3.999878	-3.365723	0.820312	-0.271280	1.373488	-0.330378
3.999878	-3.379395	0.868652	-0.106803	1.398646	-0.458779
3.999878	-3.350098	0.757812	-0.174920	1.611778	-0.607354
3.999878	-3.354004	0.741211	-0.086155	1.928390	-0.644379
3.999878	-3.354980	0.717773	-0.079746	1.971348	-0.838523
3.999878	-3.572754	0.669922	0.127689	2.200619	-1.165341
3.999878	-3.769043	0.535156	0.002373	3.198398	-1.977757
3.999878	-3.560547	0.112793	0.289792	4.780508	-2.182106
3.999878	-4.000000	0.306152	0.445725	6.477016	-3.189853
3.999878	-4.000000	0.670410	0.791292	7.140145	-3.820467
3.999878	-4.000000	0.998535	1.290419	6.866492	-3.811922
3.999878	-4.000000	1.046875	2.429652	7.102170	-2.916437
3.999878	-4.000000	1.107422	3.555120	7.518940	-2.659161
3.999878	-4.000000	1.156250	4.426396	7.373213	-2.128942
3.999878	-4.000000	0.936035	5.201550	6.754230	-1.675148
3.999878	-3.634277	0.570801	5.437229	6.457792	-1.460117
3.999878	-3.376465	0.454590	5.200838	6.649325	-1.544611
3.728516	-2.993652	0.286133	4.649022	7.055415	-1.308932
3.251465	-2.729004	0.390137	4.115243	7.015067	-1.217081
2.823730	-2.553223	0.564453	3.771100	6.411985	-0.665977
2.791504	-2.381836	0.595703	3.537557	5.481611	-0.330378
2.797363	-2.245117	0.536621	3.096341	4.422361	-0.007595
2.855469	-2.051758	0.411621	2.426330	3.729803	0.142879
2.946289	-1.989746	0.349609	1.688439	3.399662	0.332751
2.979980	-2.092285	0.475586	1.314865	2.934713	0.200315
3.011230	-2.115723	0.553223	0.910437	2.290571	0.202926
2.904785	-2.263672	0.672852	0.867953	1.835590	0.207198
2.808105	-2.425781	0.844238	0.940342	1.285435	0.108939
2.905273	-2.538086	0.874023	1.093427	0.734806	0.077610
2.968262	-2.583008	0.896484	1.088443	0.291454	-0.048655
2.945801	-2.590332	0.905273	1.010832	-0.033940	-0.060759
2.868652	-2.580566	0.958008	1.193347	-0.365741	0.107040
3.026367	-2.517090	0.851074	0.909013	-0.705613	0.227847
3.155273	-2.481445	0.808105	0.691372	-0.863681	0.289080
3.286621	-2.498047	0.774414	0.473969	-0.788444	0.265109
3.351562	-2.585938	0.802734	0.322545	-0.709885	0.195568
3.427246	-2.679199	0.907715	0.154983	-0.574838	0.079746
3.514160	-2.737793	0.951172	0.133148	-0.455931	-0.038686
3.502930	-2.728516	0.994629	-0.089715	-0.347941	-0.153559
3.446289	-2.681641	0.999512	-0.239714	-0.466374	-0.231169
3.387695	-2.781250	1.016602	-0.471832	-0.468035	-0.277451
3.365723	-2.877930	1.155762	-0.570803	-0.467323	-0.310204
3.358398	-2.877930	1.161133	-0.420567	-0.928475	-0.207673
3.447266	-2.863281	1.038574	-0.281723	-1.224201	-0.076424
3.589844	-2.787109	0.836914	-0.335836	-1.032193	0.021123