3.999878	-1.791504	1.453125	-0.210758	0.647227	-1.874988
3.999878	-1.649902	1.221191	-0.413684	0.785834	-1.721666
3.999878	-1.621094	1.143066	-0.576500	0.944377	-1.591129
3.940918	-1.545898	1.139160	-0.916846	1.221590	-0.919931
3.877930	-1.408203	1.050293	-1.565022	1.341447	-0.626578
3.743652	-1.305664	0.939941	-2.212723	1.035278	-0.944852
3.529297	-1.114746	0.866699	-3.012560	0.523810	-1.724040
3.280762	-0.756348	0.752930	-4.154879	-0.303796	-1.594215
2.937988	-0.530762	0.732910	-5.199414	-1.361384	-1.695559
2.713379	-0.640625	0.735840	-5.797749	-2.004339	-1.563598
2.798828	-0.785156	0.687988	-6.158980	-2.484478	-1.118585
2.965820	-1.154785	0.696289	-6.383742	-3.003067	-0.056487
3.167480	-1.531250	0.745117	-6.187698	-2.866121	1.238916
3.316406	-1.997559	0.776367	-6.298536	-2.193736	2.581550
3.520508	-2.444336	1.038574	-6.082319	-2.376014	3.415089
3.969727	-2.883301	1.320312	-5.805343	-3.367621	3.979010
3.999878	-3.323242	1.462891	-5.519823	-4.844590	3.743568
3.999878	-3.691895	1.560059	-4.873308	-5.710170	3.350058
3.999878	-3.854004	1.460938	-4.513263	-5.588889	2.774745
3.999878	-3.975586	1.338379	-4.302030	-5.116344	2.036617
3.999878	-4.000000	2.279297	-3.889770	-3.742382	1.695322
3.999878	-3.616211	1.323730	-4.909621	-4.636680	1.624120
3.999878	-4.000000	0.525391	-4.526791	-0.827606	-0.430535
3.999878	-3.811035	1.370117	-4.127585	-1.582822	0.679268
3.999878	-3.899414	1.903320	-2.801802	-0.763761	0.091139
3.999878	-3.720703	1.643066	-2.028785	-1.096512	0.436706
3.999878	-3.661133	1.437500	-1.212809	-0.696594	0.270568
3.999878	-3.558594	1.470215	-0.758777	-0.346754	0.358146
3.999878	-3.435059	1.274902	-0.069778	-0.510044	0.333226
3.999878	-3.285156	1.097168	0.034177	-0.643667	0.006883
3.999878	-3.191406	0.993164	-0.008070	-0.562971	-0.097072
3.999878	-3.151367	0.950195	-0.022785	-0.299523	-0.164952
3.999878	-3.117188	0.891602	-0.177293	-0.075474	-0.246359
3.999878	-3.118164	0.852051	-0.358146	0.198179	-0.312102
3.999878	-3.174316	0.905762	-0.413209	0.510994	-0.370726
3.999878	-3.165039	0.947754	-0.439317	0.681167	-0.338447
3.999878	-3.147949	0.989258	-0.380694	0.760676	-0.335362
3.999878	-3.130859	1.009766	-0.420330	0.823571	-0.374760
3.999878	-3.114258	0.944824	-0.502212	0.940817	-0.458779
3.999878	-3.151855	0.872070	-0.775865	1.287571	-0.785122
3.999878	-3.161621	0.832520	-0.886229	1.720954	-0.906640
3.999878	-3.216309	0.795898	-0.922779	2.255682	-1.049756
3.999878	-3.379395	0.700195	-0.692084	2.771660	-1.610591
3.999878	-3.524414	0.560059	0.449285	3.097053	-2.013595
3.999878	-3.703613	0.944336	1.262888	3.812397	-2.100936
3.999878	-3.791992	1.144531	2.203942	4.068725	-2.010035
3.999878	-3.701660	1.480957	4.330748	3.926558	-1.414311
3.999878	-3.791992	0.979980	4.324815	4.989130	-2.199432
3.999878	-3.628418	0.945312	4.621016	5.809616	-1.878548
3.999878	-3.544434	0.807617	4.025528	6.223062	-1.946902
3.999878	-3.439453	0.905762	3.881938	6.215705	-1.558139
3.999878	-3.394531	1.389160	4.462709	5.493716	-1.436621
3.969727	-3.176758	1.854004	5.598620	4.486681	-0.944852
3.748535	-2.903809	1.746094	7.021000	3.243255	-0.120806
3.703613	-2.652832	1.475098	7.776929	2.142471	0.459016
3.826660	-2.432129	1.132324	7.776929	1.553630	0.458779
3.937988	-2.186035	0.657715	7.037377	1.902520	0.011392
3.954102	-1.919434	0.376953	5.385014	3.015408	-0.372862
3.571777	-1.638184	0.522949	3.851321	3.900925	-0.710834
3.276855	-1.588379	0.956055	2.451013	4.227505	-1.318900
3.195801	-1.664062	1.354980	2.012171	4.239847	-1.462016
3.249023	-1.715820	1.466797	2.198008	3.601402	-1.097936
3.389160	-1.739746	1.245117	2.175698	2.721344	-1.064946
3.581055	-1.877930	1.239258	1.517079	2.426804	-1.221828
3.635742	-1.878906	1.257812	1.495244	2.147455	-1.006323
3.522461	-1.825195	1.352051	1.175784	1.796191	-0.838049
3.426270	-1.746094	1.357910	0.869615	1.469136	-0.425076
3.403809	-1.726562	1.380371	0.613525	0.962178	-0.136945
3.438477	-1.718262	1.338867	0.600471	0.653398	0.155933
3.467773	-1.786133	1.393555	0.587892	0.409649	0.230220
3.588379	-1.818359	1.305664	0.578398	0.037974	0.382355
3.584473	-1.816406	1.305664	0.430773	-0.259888	0.368352
3.623535	-1.833008	1.359375	0.291691	-0.414871	0.208622
3.615234	-1.889160	1.504883	0.177768	-0.525234	0.145964
3.703125	-1.966309	1.493164	0.135284	-0.722701	0.199128
3.691406	-2.047852	1.704590	0.105854	-0.847542	0.198654
3.832520	-2.181152	1.638184	-0.234492	-0.715106	-0.040823
3.889160	-2.205078	1.545410	-0.099920	-0.578636	-0.190347
3.824707	-2.094238	1.511230	0.098496	-0.997779	-0.507434
3.726562	-1.921875	1.430176	-0.331090	-1.469374	-0.677369
3.579590	-1.711914	1.384277	-1.025073	-1.940257	-0.711546
3.375488	-1.550293	1.307129	-1.936222	-2.069607	-0.527607
3.224121	-1.373047	1.162109	-2.913589	-1.688913	0.021123
3.155762	-1.326660	1.072754	-3.781068	-0.958617	0.742163
3.195801	-1.356445	1.012207	-4.400526	-0.066218	1.818739
3.101562	-1.278320	1.050781	-4.722834	-0.328004	2.928542
3.070801	-1.021484	0.839844	-5.787305	-1.275229	4.145148
3.065918	-0.921387	0.576660	-6.431447	-2.987639	4.492852
3.193848	-1.001465	0.133789	-7.777166	-3.077117	4.910571
3.428223	-1.200195	-0.002441	-7.777166	-2.414937	5.408273
3.210938	-1.485352	0.057129	-7.777166	-3.464931	4.764369
3.434082	-1.527344	-0.137695	-7.777166	-4.588974	3.900688
3.605469	-1.798828	-0.275391	-7.777166	-6.203600	3.956463
2.226074	-2.596680	1.886230	-7.777166	-7.777166	5.246170
2.912598	-3.681152	-0.011719	-7.777166	3.325375	3.960735
3.999878	-3.339355	-1.270508	-7.777166	4.020782	4.378216
3.178711	-3.874023	0.446289	-7.777166	-2.532183	5.304318
3.999878	-4.000000	0.246582	-7.777166	-1.935985	4.586838
3.999878	-4.000000	0.361816	-7.777166	-2.016443	2.130841
3.999878	-4.000000	0.924805	-7.777166	-3.166594	1.397460
3.999878	-4.000000	0.642090	-7.777166	-2.192312	0.278637
3.999878	-4.000000	0.952148	-6.474168	-1.509722	-0.601420
3.999878	-4.000000	1.056152	-4.846488	-1.458456	-0.794615
3.999878	-4.000000	1.120117	-3.045788	-0.895010	-0.717005
3.999878	-4.000000	1.282715	-1.763676	-0.763524	-0.414633
3.999878	-4.000000	0.702148	-0.153559	0.029193	-0.721514
3.999878	-4.000000	0.718750	0.516690	0.640107	-0.710597
3.999878	-4.000000	0.572266	1.049519	0.013766	-0.253479
3.999878	-4.000000	0.302734	0.865105	-0.536389	-0.151898
3.999878	-3.801270	0.074219	0.626578	-0.545408	0.005459
3.999878	-3.518066	-0.087891	0.353162	-0.131012	0.048417
3.999878	-3.471191	-0.119141	0.188448	0.319697	0.100158
3.999878	-3.507812	0.058594	0.013054	0.500788	-0.230220
3.999878	-3.624512	0.251465	0.056487	0.671198	-0.436231
3.999878	-3.688477	0.374512	0.291454	0.547544	-0.370726
3.999878	-3.696289	0.402832	0.303321	0.453083	-0.277213
3.999878	-3.739746	0.443848	0.318511	0.344618	-0.272941
3.999878	-3.786621	0.514648	0.448810	0.230220	-0.305932
3.999878	-3.784180	0.500488	0.624442	-0.035838	-0.226185
3.999878	-3.709473	0.452637	0.689948	-0.298574	-0.105379
3.999878	-3.660645	0.402832	0.691847	-0.367877	0.025870
3.999878	-3.627441	0.363281	0.752131	-0.398257	0.235916
3.999878	-3.592285	0.371582	0.723888	-0.320647	0.382593
3.999878	-3.542969	0.412598	0.740027	-0.517877	0.384966
3.999878	-3.476562	0.383789	0.536626	-0.430773	0.191534
3.999878	-3.474609	0.415039	0.459728	-0.217166	-0.067879
3.999878	-3.490234	0.492188	0.603319	-0.430535	-0.154034
3.999878	-3.485352	0.497070	0.494142	-0.341533	-0.137895
3.999878	-3.519531	0.561523	0.568667	-0.410124	-0.121281
3.999878	-3.547363	0.556152	0.737179	-0.371200	0.103243
3.999878	-3.532715	0.561035	0.807194	-0.380219	0.089240
3.999878	-3.566895	0.583496	0.877210	-0.366216	0.258226
3.999878	-3.469727	0.571777	0.946513	-0.432434	0.223100
3.999878	-3.499023	0.566895	0.939393	-0.444776	0.516927
3.999878	-3.456055	0.560059	0.946038	-0.602607	0.295489
3.999878	-3.514648	0.609375	0.868191	-0.694458	0.523573
3.999878	-3.511230	0.644043	0.826419	-0.947700	0.433146
3.999878	-3.607422	0.681152	0.826656	-1.126417	0.449522
3.999878	-3.632812	0.674805	0.967636	-1.311542	0.507196
3.999878	-3.654785	0.701172	1.087493	-1.223014	0.500076
3.999878	-3.661621	0.776855	1.360197	-1.351653	0.575788
3.999878	-3.661621	0.883301	1.577363	-1.409089	0.426263
3.999878	-3.653320	0.950684	1.879972	-1.463203	0.373574
3.999878	-3.647949	0.971680	2.235745	-1.581398	0.382355
3.999878	-3.557129	0.962402	2.475934	-1.685116	0.520013
3.999878	-3.464844	0.917969	2.707103	-2.020715	0.627053
3.999878	-3.363281	0.835938	2.748875	-2.234796	0.553003
3.999878	-3.239258	0.808594	2.884159	-2.477121	0.428874
3.999878	-3.187500	0.763672	2.742704	-2.387169	0.220014
3.999878	-3.177734	0.726074	2.656075	-2.477358	0.358621